## bgd_name            15-25   15_50   25_100  50_350
sw00106415000b_bgd.pha 4713.68 8701.05 7633.68 6520.53
sw00106442000b_bgd.pha 4740.03 8721.14 7692.51 6271.87
sw00106709000b_bgd.pha 4253.68 7913.23 7315.23 6776.02
sw00107547000b_bgd.pha 4573.66 8225.78 7049.63 5733.74
sw00111063000b_bgd.pha 6471.95 10663.6 7972.45 6117.44
sw00112453000b_bgd.pha 4517.97 8443.03 8068.6 8359.28
sw00113120000b_bgd.pha 4074.45 7501.5 6670.62 5531.94
sw00113872000b_bgd.pha 4058.42 7488.96 6632.77 5527.38
sw00114299000b_bgd.pha 4122.3 7656.66 6986.29 6242.64
sw00114753000b_bgd.pha 4006.1 7485.9 6968 6824.9
sw00114893000b_bgd.pha 4672.16 8562.9 7546.91 6399.7
sw00115214000b_bgd.pha 4204.45 7708.59 6750.03 5471.26
sw00116116000b_bgd.pha 3813.3 7043.54 6341.44 5518.45
sw00117504000b_bgd.pha 3691.76 6776.26 5995.79 4948.42
sw00118248000b_bgd.pha 3849.54 7124.72 6374.21 5331.5
sw00118707000b_bgd.pha 4282.03 7837.52 6957.62 6174.02
sw00118749000b_bgd.pha 4034.7 7506.08 6794.14 5835.68
sw00130088000b_bgd.pha 4858.27 9113.79 8971.79 9987.01
sw00130679000b_bgd.pha 4254.51 7835.6 7171.34 6395.41
sw00131560000b_bgd.pha 4004.21 7344.06 6510.29 5397.76
sw00132247000b_bgd.pha 4483.71 8116.86 6980.77 5535.6
sw00143708000b_bgd.pha 4892.54 9054.3 8214.55 6802.17
sw00145581000b_bgd.pha 4151.06 7625.14 6814.29 6001.09
sw00145675000b_bgd.pha 4031.34 7468.27 6803.42 6047.89
sw00145754000b_bgd.pha 3973.16 7339.92 6573.37 5473.32
sw00145994000b_bgd.pha 4314.25 8263.44 8108.33 9504.5
sw00146227000b_bgd.pha 7392.9 12418.7 9299.31 6666.78
sw00146372000b_bgd.pha 5027.79 8596.13 7009.98 6012.96
sw00146970000b_bgd.pha 6260.9 10885.9 8646.48 6275.71
sw00147478000b_bgd.pha 5457.09 10517.3 10569.7 10338.7
sw00147788000b_bgd.pha 4281.42 7796.43 6841.41 5629.81
sw00148522000b_bgd.pha 4401.79 8029.61 7252.86 6731.49
sw00148646000b_bgd.pha 4059.15 8102.99 8764.29 10027
sw00148833000b_bgd.pha 4549.48 8320.03 7302.13 5840.52
sw00150314000b_bgd.pha 4111.34 7592.13 6998.1 6609.54
sw00151334000b_bgd.pha 4443.17 8189.24 7580.78 7215.31
sw00151905000b_bgd.pha 4803.57 8991.95 8734.05 9018
sw00152113000b_bgd.pha 17075.7 31351.3 27852.4 23070.2
sw00152325000b_bgd.pha 4514.86 8201.66 7002.7 5350.72
sw00154112000b_bgd.pha 3820.88 7070.96 6351.04 5385.98
sw00154630000b_bgd.pha 3935.26 7267.9 6597.76 5823.9
sw00155242000b_bgd.pha 3817.66 7032.14 6286.9 5314.08
sw00155284000b_bgd.pha 4087.98 7548.05 6772.62 5652.83
sw00155408000b_bgd.pha 4188.3 7671.09 6920.54 6215.47
sw00156434000b_bgd.pha 4135.2 7592.72 6920.3 6289.49
sw00156467000b_bgd.pha 4038.16 7385.42 6482.34 5256.99
sw00156838000b_bgd.pha 4465.36 8208.13 7426.94 6558.51
sw00157870000b_bgd.pha 3850.32 7093.52 6431.26 5665.25
sw00158855000b_bgd.pha 5788.11 9113.33 6490.08 5283.06
sw00159913000b_bgd.pha 3640.66 6700.1 6011.92 5131.65
sw00159994000b_bgd.pha 3864.03 7076.16 6259.12 5326.16
sw00162580000b_bgd.pha 4088.26 7442.46 6478.06 5266.54
sw00163438000b_bgd.pha 4243.02 7745.06 6847.22 5850.42
sw00163765000b_bgd.pha 3689.73 6780.83 6082.78 5256.67
sw00172516000b_bgd.pha 5313.92 9456.56 8061.07 6620.35
sw00173780000b_bgd.pha 34214.3 62391.1 54578.7 44857.1
sw00173904000b_bgd.pha 4479.01 8163.65 7179.3 5893.62
sw00174738000b_bgd.pha 4003.91 7416.82 6791.66 6248.49
sw00175603000b_bgd.pha 4410.86 8083.41 7088.98 5755.34
sw00176453000b_bgd.pha 3933.2 7264.4 6492.67 5294.45
sw00176702000b_bgd.pha 4114.18 7579.68 6823.76 5819.62
sw00176818000b_bgd.pha 4610.22 8496.32 7697.06 6715.46
sw00177408000b_bgd.pha 3707.82 6884.09 6300.62 5721.96
sw00178750000b_bgd.pha 4021.81 7513.39 7119.94 7028.64
sw00180151000b_bgd.pha 3611.49 6684.99 5994.91 5041.3
sw00180455000b_bgd.pha 3646.1 6706.72 5974.58 5146.46
sw00181156000b_bgd.pha 3967.15 7289.78 6530.3 5682.08
sw00191512000b_bgd.pha 5639.63 9019.82 6544.67 5154.83
sw00200638000b_bgd.pha 3519.92 6560.46 6151.23 5606.11
sw00201391000b_bgd.pha 3245.14 6007.65 5457.97 4650.46
sw00202442000b_bgd.pha 5611.2 9113.32 6808.19 5790.87
sw00202505000b_bgd.pha 3520.75 6539.6 6147.17 5916.54
sw00203755000b_bgd.pha 3814.51 6786.8 5740.61 4749.31
sw00206257000b_bgd.pha 4198.48 7737.02 7111.5 6473.86
sw00206773000b_bgd.pha 3920.29 7227.73 6483.94 5397.79
sw00207281000b_bgd.pha 3810.02 7021.28 6255.7 5157.84
sw00207399000b_bgd.pha 4272.54 7968.48 7335.33 6667.73
sw00208050000b_bgd.pha 4114.74 7605.71 7031.12 6493.3
sw00208169000b_bgd.pha 3912.61 7198.8 6399.41 5290.8
sw00208870000b_bgd.pha 3869.54 7169.25 6472.61 5570.58
sw00209351000b_bgd.pha 4437.44 8237.87 7616.99 7224.78
sw00209352000b_bgd.pha 4072 7540.99 6934.77 6289.92
sw00210084000b_bgd.pha 4016.8 7414.1 6660.34 5681.92
sw00210254000b_bgd.pha 4178.67 7808.43 7495.73 7766.58
sw00211117000b_bgd.pha 4392.78 8101.84 7559.02 7459.74
sw00211957000b_bgd.pha 4999.07 8640.48 7253.86 6759.31
sw00213180000b_bgd.pha 4121.38 7617.42 7051.6 6616.78
sw00213486000b_bgd.pha 4370.32 7718.19 6665.47 5871.25
sw00213630000b_bgd.pha 3920.2 7243.2 6641.28 5987.86
sw00213823000b_bgd.pha 4214.99 7849.82 7225.1 6195.3
sw00213934000b_bgd.pha 4051.86 7513.04 6977.04 6334.16
sw00214805000b_bgd.pha 4780.96 8549.44 7252.98 5767.28
sw00217704000b_bgd.pha 3753.66 6910.62 6165.54 5098.38
sw00217805000b_bgd.pha 3757.44 6953.68 6319.12 5541.5
sw00219101000b_bgd.pha 5545.81 9106.03 7037.6 6311.47
sw00219646000b_bgd.pha 3923.81 7274.96 6694.7 6196.51
sw00220020000b_bgd.pha 3630.62 6723.6 6097.14 5215.2
sw00221755000b_bgd.pha 4107.76 7631.07 7158.81 6823.12
sw00222683000b_bgd.pha 3862.75 7110.69 6417.42 5533.09
sw00224364000b_bgd.pha 4039.68 7360.32 6487.47 5408.21
sw00226382000b_bgd.pha 3998.1 7482.1 7183.07 7239.47
sw00227996000b_bgd.pha 3986.82 7366.61 6854.75 6461.28
sw00228006000b_bgd.pha 4170.64 7689.3 6977.2 6106.61
sw00228581000b_bgd.pha 3784.5 7057.06 6613.28 6467.07
sw00229185000b_bgd.pha 3819.45 7067.49 6498.57 6082.84
sw00230115000b_bgd.pha 5377.41 8806.85 6527.14 4985.81
sw00230662000b_bgd.pha 4651.22 8294.02 6961.34 5433.33
sw00230711000b_bgd.pha 3641.89 6798.37 6447.51 6284.65
sw00231231000b_bgd.pha 5122.37 8504.64 6626.38 5444.64
sw00231362000b_bgd.pha 4155.94 7664.91 6979.92 6104.32
sw00231974000b_bgd.pha 3781.97 6956.96 6309.25 5578.62
sw00232339000b_bgd.pha 3976.46 7305.83 6637.49 6410.51
sw00232585000b_bgd.pha 3998.56 7407.28 6786.59 6230.7
sw00234516000b_bgd.pha 3672.51 6784.75 6156.03 5330.08
sw00234905000b_bgd.pha 4053.31 7564.45 6988.02 6082.21
sw00235715000b_bgd.pha 4091.94 7503.57 6633.58 5422.93
sw00236430000b_bgd.pha 3805.87 7078.4 6537.89 6181.06
sw00238108000b_bgd.pha 4143.44 7804.58 7742.77 8660.19
sw00238174000b_bgd.pha 3704.53 6803.17 6060.13 5134.94
sw00240766000b_bgd.pha 3685.63 6828.48 6301.36 5690.66
sw00241840000b_bgd.pha 3979.89 7189.12 6262.86 5443.84
sw00241963000b_bgd.pha 4403.22 8154.3 7421.7 6203.68
sw00243690000b_bgd.pha 3969.58 7279.62 6417.46 5405.44
sw00251634000b_bgd.pha 3759.17 6914.37 6179.31 5168.29
sw00252588000b_bgd.pha 3670.59 6781.54 6151.25 5350.8
sw00254532000b_bgd.pha 3913.25 7263.65 6707.39 6458.9
sw00255445000b_bgd.pha 3874.14 7197.73 6713.9 6229.55
sw00259714000b_bgd.pha 3614.7 6711.41 6144.88 5436.1
sw00259803000b_bgd.pha 3372.13 6240.58 5616.18 4863.04
sw00261132000b_bgd.pha 5211.13 8624.22 6548.73 5185.16
sw00261299000b_bgd.pha 3890.77 7257.04 6933.49 7152.88
sw00261664000b_bgd.pha 4054.85 7703.79 7803.65 9177.46
sw00261880000b_bgd.pha 3565.68 6619.92 6079.47 5623.49
sw00263361000b_bgd.pha 3548.13 6557.76 5907.3 4914
sw00271019000b_bgd.pha 3926.8 7284.43 6705.95 6416.59
sw00272773000b_bgd.pha 4139.84 7661.63 6931.74 5840.62
sw00273180000b_bgd.pha 5591.9 9601.84 7785.98 6601.06
sw00275087000b_bgd.pha 4985.73 9236.86 8515.49 7794.57
sw00275119000b_bgd.pha 4769.84 9084.66 9384.35 11540
sw00276205000b_bgd.pha 3958.99 7296.58 6589.17 5551.52
sw00276321000b_bgd.pha 4383.87 8035.5 7210.48 6537.18
sw00277571000b_bgd.pha 6110.67 9991.92 7487.98 5940.69
sw00277582000b_bgd.pha 4685.1 8305.44 7095.81 5956.51
sw00278693000b_bgd.pha 3988 7317.7 6598.67 5863.52
sw00278854000b_bgd.pha 5394.06 9375.89 7778.37 6591.7
sw00278903000b_bgd.pha 4433.84 7920.37 6907.42 6241.01
sw00279494000b_bgd.pha 6044.32 10115.3 7991.89 6776.74
sw00279592000b_bgd.pha 4104.63 7486.46 6683.83 5737.17
sw00279817000b_bgd.pha 4163.89 7630.46 6843.2 5792.34
sw00279898000b_bgd.pha 3707.46 6836.78 6229.33 5481.2
sw00279935000b_bgd.pha 4040.93 7515.25 7110.53 6720.21
sw00280706000b_bgd.pha 4582.85 8291.74 7231.07 5826.74
sw00280958000b_bgd.pha 4136.08 7731.68 7521.52 7740.96
sw00282003000b_bgd.pha 3938.75 7233.79 6589.68 6050.26
sw00282066000b_bgd.pha 3831.74 7095.02 6492.58 5696.74
sw00282073000b_bgd.pha 4876.05 8310.05 6642.02 5360.56
sw00282445000b_bgd.pha 4492.39 8230.6 7533.74 6985.12
sw00282808000b_bgd.pha 3734.85 6855.95 6196.37 5320.93
sw00284850000b_bgd.pha 4714.54 8864.34 8720.67 9540.05
sw00284856000b_bgd.pha 4345.74 8121.84 7794.27 7847.7
sw00285653000b_bgd.pha 3987.3 7410.54 6758.88 5849.78
sw00285654000b_bgd.pha 4009.81 7418.03 6765.28 5844.32
sw00285948000b_bgd.pha 3929.6 7343.09 6830.86 6300.8
sw00286373000b_bgd.pha 3999.76 7470.46 7013.52 6625.58
sw00286574000b_bgd.pha 3873.42 7176.55 6554.38 5814.67
sw00287088000b_bgd.pha 3921.01 7228.7 6600.74 5804.38
sw00287344000b_bgd.pha 4176.88 7771.87 7267.22 6886.62
sw00287364000b_bgd.pha 4399.26 8217.38 7664.96 7491.41
sw00287409000b_bgd.pha 4089.89 7630.83 7185.58 6818.29
sw00290624000b_bgd.pha 4164.54 7784.59 7275.46 6899.87
sw00290843000b_bgd.pha 5769.86 9801.78 7916.94 6671.68
sw00291292000b_bgd.pha 5350.4 9190.4 7313.6 6067.2
sw00291614000b_bgd.pha 3804.26 7089.41 6521.12 5849.38
sw00291728000b_bgd.pha 3746.46 6947.41 6408.3 5746.64
sw00292826000b_bgd.pha 4430 8057.3 7099.97 6012.3
sw00292934000b_bgd.pha 5810.4 9920.78 8302.64 7895.07
sw00293795000b_bgd.pha 4599.41 8585.49 7739.74 6180.19
sw00293924000b_bgd.pha 4165.91 7727.17 7042.71 6115.97
sw00294120000b_bgd.pha 4937.95 8888.51 7704.33 6396.33
sw00294645000b_bgd.pha 3827.79 7072.78 6443.02 5598.5
sw00294835000b_bgd.pha 3929.02 7233.97 6531.18 5579.89
sw00295301000b_bgd.pha 3956.75 7270.5 6578.61 5704.7
sw00295527000b_bgd.pha 4027.04 7485.47 6991.31 6545.49
sw00295670000b_bgd.pha 3675.02 6811.6 6244.22 5622.43
sw00295779000b_bgd.pha 4231.91 7830.4 7363.76 7063.15
sw00296503000b_bgd.pha 3538.54 6527.74 5962.45 5186.45
sw00296805000b_bgd.pha 3745.89 6908.43 6325.9 5611.38
sw00296856000b_bgd.pha 4174.83 7894.75 7902.03 8919.41
sw00297114000b_bgd.pha 4216.24 7708.69 6847.92 5841.87
sw00299787000b_bgd.pha 3466.4 6338.24 5717.76 4911.2
sw00301578000b_bgd.pha 618.544 1027.23 793.744 626.72
sw00301981000b_bgd.pha 3240.94 6022.59 5490.59 4748.26
sw00302506000b_bgd.pha 3469.09 6404.02 5775.33 4936.35
sw00302728000b_bgd.pha 3705.07 6813.49 6113.39 5150.59
sw00302888000b_bgd.pha 4771.04 8024.03 6639.46 6642.16
sw00303609000b_bgd.pha 3352.54 6306.85 6049.86 6194.08
sw00303631000b_bgd.pha 4144.75 7571.04 6687.79 5924.77
sw00304379000b_bgd.pha 3353.02 6198.26 5636.42 5128.61
sw00304549000b_bgd.pha 3551.2 6544.8 5915.2 5472
sw00305011000b_bgd.pha 3768.8 6944.27 6256.75 5296.11
sw00305288000b_bgd.pha 4494.78 7963.6 6857.09 6113.15
sw00306757000b_bgd.pha 8479.7 18377.4 22443.2 21557.6
sw00306793000b_bgd.pha 4968.88 9463.55 9758.1 11678.7
sw00306858000b_bgd.pha 4136.11 7709.79 7151.15 6640.61
sw00307604000b_bgd.pha 6445.04 10581 8166.03 7245.38
sw00307931000b_bgd.pha 4609.88 8536.62 7947.66 7645.57
sw00308812000b_bgd.pha 4385.7 8103.6 7412.8 6630.43
sw00309096000b_bgd.pha 8465.66 13250.4 9684.56 9441.65
sw00309111000b_bgd.pha 5367.74 9363.2 7897.33 6771.55
sw00310219000b_bgd.pha 3852.64 7123.3 6433.26 5407.3
sw00310613000b_bgd.pha 4440.88 8393.94 8362.26 9170.74
sw00311159000b_bgd.pha 4353.6 8087.31 7544.77 6870.9
sw00311762000b_bgd.pha 3835.34 7090.45 6497.47 5982.59
sw00311874000b_bgd.pha 3675.1 6899.89 6531.22 6633.06
sw00312047000b_bgd.pha 4582.88 8107.15 6938.42 6231.74
sw00312242000b_bgd.pha 2481.38 4609.94 4214.58 3598.59
sw00312958000b_bgd.pha 3946.35 7380.77 7207.52 7427.3
sw00313087000b_bgd.pha 3416.35 6449.25 6166.46 6044.4
sw00313116000b_bgd.pha 4230.19 7473.6 6502.72 5733.12
sw00313417000b_bgd.pha 3646.86 6739.98 6203.97 5452.16
sw00315080000b_bgd.pha 4184 7665.82 7105.62 7202.85
sw00315615000b_bgd.pha 3817.09 7161.1 6934.45 6872.85
sw00316204000b_bgd.pha 3881.14 7347.58 7357.46 8175.79
sw00316534000b_bgd.pha 3774.35 7102.74 6943.84 7283.65
sw00316910000b_bgd.pha 3919.97 7160.14 6404.56 5916.56
sw00317508000b_bgd.pha 4530.38 7734.16 6419.01 5856.27
sw00318094000b_bgd.pha 5543.94 8766.94 6482.22 6126.24
sw00318101000b_bgd.pha 10907.4 17989.2 13696.7 10938.2
sw00318832000b_bgd.pha 5371.38 9084.4 7472.56 7104.22
sw00319016000b_bgd.pha 3503.74 6457.97 5871.65 5154.1
sw00319036000b_bgd.pha 3564.61 6649.97 6098.72 5133.73
sw00319584000b_bgd.pha 5498.9 10258.4 8829.98 10369.6
sw00323542000b_bgd.pha 5120.89 9598.42 9367.97 9923.91
sw00323984000b_bgd.pha 4570.53 8379.66 7568.53 7144.48
sw00324561000b_bgd.pha 3965.09 7453.09 7067.93 7051.42
sw00324744000b_bgd.pha 4663.68 8425.18 7488.75 6704.78
sw00324805000b_bgd.pha 6740.08 12109.1 11628.8 14494.4
sw00324895000b_bgd.pha 4713.66 8414.53 7149.5 5780.06
sw00324907000b_bgd.pha 4414.75 8245.31 7934.64 8128.32
sw00325268000b_bgd.pha 6543.58 10674.3 8011.34 6511.68
sw00330856000b_bgd.pha 4383.95 8214.99 7934.8 8040.1
sw00331093000b_bgd.pha 5292.67 9287.97 7783.66 6565.95
sw00331332000b_bgd.pha 4305.98 7919.44 7316.37 6847.07
sw00331475000b_bgd.pha 3970.66 7410.99 6956.4 6422.37
sw00331856000b_bgd.pha 3909.6 7240 6524 5593.6
sw00332399000b_bgd.pha 4110.63 7688 7203.89 7220.57
sw00332851000b_bgd.pha 4249.46 7821.25 7181.54 6439.14
sw00332931000b_bgd.pha 3896.03 7232.02 6687.35 5983.29
sw00333320000b_bgd.pha 4077.1 7504.37 6803.36 6069.62
sw00333427000b_bgd.pha 4872.03 9203.57 9261.44 10435.3
sw00333666000b_bgd.pha 3897.97 7284.46 6873.82 6831.09
sw00334112000b_bgd.pha 4061.68 7607.25 7036.11 5969.42
sw00334877000b_bgd.pha 3821.07 7106.27 6614.19 6034.18
sw00336489000b_bgd.pha 3618.59 6705.71 6104.61 5366.35
sw00337073000b_bgd.pha 4173.29 7901.14 8017.78 9321.75
sw00337115000b_bgd.pha 3679.62 6857.17 6437.63 6423.39
sw00338177000b_bgd.pha 13830.1 25633.1 23397.1 20452.6
sw00338338000b_bgd.pha 3505.31 6497.54 5932.88 5217.78
sw00338633000b_bgd.pha 3505.78 6504.21 5959.92 5259.63
sw00338895000b_bgd.pha 3953.98 7051.55 6212.05 5895.95
sw00339696000b_bgd.pha 4455.09 7710.69 6566.42 6223.33
sw00339852000b_bgd.pha 3497.97 6525.12 6117.81 6001.42
sw00340895000b_bgd.pha 3685.62 6861.49 6313.55 5511.49
sw00341504000b_bgd.pha 5522.13 9252.82 7414.08 6634.31
sw00341749000b_bgd.pha 3887.6 7261.33 6978.67 7087.33
sw00342121000b_bgd.pha 4522.35 7640.66 6100.45 5000.78
sw00345127000b_bgd.pha 5299.6 8701.75 6913.09 6276.36
sw00345551000b_bgd.pha 5447.37 9175.22 7377.79 6428.06
sw00346386000b_bgd.pha 4273.28 7581.76 6598.19 5900.22
sw00348650000b_bgd.pha 3901.14 7328.46 7097.54 7238.8
sw00349447000b_bgd.pha 3665.82 6757.55 6101.47 5194.74
sw00349450000b_bgd.pha 3561.1 6581.09 5993.81 5182.62
sw00349510000b_bgd.pha 4068.19 7394.11 6611.3 5908.21
sw00350479000b_bgd.pha 3396.46 6324.88 5865.5 5365.66
sw00350853000b_bgd.pha 3588.63 6655.26 6132.28 5735.22
sw00350854000b_bgd.pha 3457.98 6416.64 5937.66 5433.44
sw00351588000b_bgd.pha 3414.48 6315.76 5768.53 5074.64
sw00352190000b_bgd.pha 3539.86 6593.38 6300.46 6241.87
sw00353540000b_bgd.pha 3898.59 7140.54 6395.75 5566.72
sw00353567000b_bgd.pha 3900.89 7298.38 7013.42 6956.85
sw00355359000b_bgd.pha 3707.97 6845.6 6266.7 5410.64
sw00355942000b_bgd.pha 5288.58 8769.04 6788.26 5713.25
sw00356776000b_bgd.pha 3491.55 6512 6157.01 5928.42
sw00356890000b_bgd.pha 5696.42 11529.3 12341.8 10520.9
sw00356912000b_bgd.pha 3204.8 5987.52 5622.24 5129.7
sw00357072000b_bgd.pha 3932.58 7388.48 7308.9 7845.81
sw00357498000b_bgd.pha 3310.78 6131.63 5636.78 5032.74
sw00357512000b_bgd.pha 3480.37 6488.66 6102.46 5938.34
sw00358422000b_bgd.pha 3635.07 6778.43 6508.58 6422.34
sw00358574000b_bgd.pha 3621.34 6547.81 5841.47 5219.09
sw00359378000b_bgd.pha 5963.25 9920.11 8201.97 8782.21
sw00359530000b_bgd.pha 3456.43 6426.13 6065.23 5727.81
sw00359711000b_bgd.pha 3442.18 6258.42 5650.5 5340.5
sw00359951000b_bgd.pha 3351.52 6226.35 5738.48 5054.45
sw00361830000b_bgd.pha 3657.54 6813.15 6550.46 6750.62
sw00361831000b_bgd.pha 3771.06 6871.26 6408.5 6372.58
sw00362818000b_bgd.pha 3209.25 5937.93 5383.91 4639.69
sw00370791000b_bgd.pha 3962.38 7482.45 7081.65 5982.88
sw00370846000b_bgd.pha 5149.7 9199.58 8365.89 8697.62
sw00371050000b_bgd.pha 4585.36 8728.05 8902.61 10530.2
sw00373172000b_bgd.pha 3785.49 7127.52 6991.58 7568.75
sw00373871000b_bgd.pha 3541.28 6593.94 6199.92 6198.18
sw00374210000b_bgd.pha 4566.4 8061.4 6866.85 5753.7
sw00375409000b_bgd.pha 3385.69 6278.98 5797.22 5116.64
sw00377179000b_bgd.pha 3541.71 6604.95 6300.36 6474.82
sw00378554000b_bgd.pha 3182.35 5912.7 5486.3 4893.74
sw00378559000b_bgd.pha 3421.94 6176.85 5526.21 4843.76
sw00380311000b_bgd.pha 5136.19 9111.98 7353.84 5350.19
sw00414905000b_bgd.pha 3641.84 6818.74 6430.61 5903.81
sw00416076000b_bgd.pha 4981.83 9062.68 8013.87 6473.41
sw00419404000b_bgd.pha 4831.63 8254.9 6782.02 5590.74
sw00420247000b_bgd.pha 16824.2 30504.1 29562.5 34162.7
sw00420398000b_bgd.pha 3831.52 6879.9 6137.6 5504.21
sw00421124000b_bgd.pha 5716.82 9376.77 7457.52 7187.63
sw00421814000b_bgd.pha 3261.12 6019.52 5559.68 5057.92
sw00422783000b_bgd.pha 4606.46 8222.8 7425.15 7953.82
sw00423181000b_bgd.pha 3215.76 5934.4 5412.1 4683.26
sw00423184000b_bgd.pha 3261.82 5995.94 5496.64 5188.7
sw00424031000b_bgd.pha 4042.06 7100.51 6134.19 5873.46
sw00424716000b_bgd.pha 3559.84 6691.28 6731.1 7671.54
sw00424733000b_bgd.pha 4209.1 7704.54 6872 5742.29
sw00424998000b_bgd.pha 3119.94 5779.62 5370.59 5033.26
sw00429954000b_bgd.pha 4124.26 7542.08 6804.94 5945.82
sw00429969000b_bgd.pha 4430.4 8212.14 7612.58 7161.97
sw00430094000b_bgd.pha 3959.02 7284.03 6637.18 5793.05
sw00431605000b_bgd.pha 3753.38 6962.88 6498.45 6356.58
sw00432420000b_bgd.pha 3608.59 6683.95 6227.49 5780.21
sw00433273000b_bgd.pha 4277.58 7672.85 7016.56 6836.11
sw00433442000b_bgd.pha 3567.54 6552.48 5945.47 5235.65
sw00433509000b_bgd.pha 3844.53 6834.99 5900.02 5108.38
sw00434360000b_bgd.pha 3483.62 6385.95 5775.95 5121.86
sw00435160000b_bgd.pha 6324.41 9757.5 6616.94 5294.24
sw00436094000b_bgd.pha 3504.74 6446.58 5918.59 5770.85
sw00436737000b_bgd.pha 3852.26 6932.8 6344.29 6566.02
sw00436981000b_bgd.pha 4231.82 8149.74 8824.02 11819.8
sw00437016000b_bgd.pha 3417.17 6208.56 5504.1 4737.27
sw00437408000b_bgd.pha 3420.21 6335.58 5801.38 5124.48
sw00438675000b_bgd.pha 3058.3 5634.06 5186.38 4913.81
sw00440635000b_bgd.pha 3655.07 7045.63 7606.05 9912.69
sw00441454000b_bgd.pha 3476.43 6040.9 5057.86 4284.54
sw00441676000b_bgd.pha 2782.94 5139.57 4706.43 4269.23
sw00443861000b_bgd.pha 4088.53 7568.21 7090.42 6649.84
sw00444230000b_bgd.pha 3766.79 6968.71 6403.33 5623.75
sw00444643000b_bgd.pha 3996.46 7389.5 6811.13 6269.03
sw00445414000b_bgd.pha 3642.58 6743.82 6143.79 5485.26
sw00449399000b_bgd.pha 5671.8 9391.8 7400.6 6486.6
sw00450545000b_bgd.pha 3579.7 6595.57 5987.63 5250.5
sw00453628000b_bgd.pha 4250.91 7453.6 6268.34 5500.37
sw00455155000b_bgd.pha 2933.98 5410.86 4926.53 4356.13
sw00456073000b_bgd.pha 5089.86 8374.1 6705.58 5689.74
sw00456939000b_bgd.pha 3244.83 6041.26 5574.54 4751.68
sw00457330000b_bgd.pha 4624.66 7359.54 5355.54 4594.27
sw00458059000b_bgd.pha 3039.31 5655.33 5409.42 5451.9
sw00501520000b_bgd.pha 3726.46 6847.9 6199.41 5351.34
sw00504779000b_bgd.pha 5173.12 9066.16 8232.64 9264.98
sw00505054000b_bgd.pha 10228.4 18971.8 17644.5 17078.1
sw00505646000b_bgd.pha 3369.42 6248 5744.83 5317.44
sw00505801000b_bgd.pha 4693.74 7813.81 6074.4 5218.08
sw00505926000b_bgd.pha 5145.07 8492.27 6437.33 5398.93
sw00506903000b_bgd.pha 4927.5 7950.58 5782.67 4438.11
sw00507185000b_bgd.pha 3680.8 6491.95 5454.16 4480.8
sw00508161000b_bgd.pha 3325.3 5974.42 5249.73 4614.77
sw00509018000b_bgd.pha 3099.9 5718.1 5280.02 5150.91
sw00509419000b_bgd.pha 3037.86 5632.06 5253.3 5074.46
sw00509543000b_bgd.pha 2868.53 5275.22 4788.91 4185.23
sw00509717000b_bgd.pha 2872.1 5330.51 4948.45 4823.92
sw00510341000b_bgd.pha 3091.28 5693.74 5247.86 5066.29
sw00510649000b_bgd.pha 4062.8 7321.09 6494.13 5628.96
sw00510736000b_bgd.pha 3302.3 5964.75 5288.3 4905.94
sw00511235000b_bgd.pha 2925.96 5366.43 4937.74 4524.7
sw00512164000b_bgd.pha 4546.26 7301.12 5277.87 4137.5
