## This file is made from Fynbo_lum_z.py
## GRBname lum z zclase Eiso Trigger-index
080928 3.200000e+50 1.69 a 2.800000e+52 Image-trigger
080916A 2.200000e+50 0.69 ah 8.100000e+51 146 
080913 7.230000e+52 6.70 a 7.000000e+52	150
080905B 1.100000e+51 2.37 a 3.400000e+52 271
080810 1.210000e+52 3.35 a 3.000000e+53 146
080805 9.400000e+50 1.51 a 4.000000e+52 155
080804 1.380000e+52 2.20 a 1.600000e+53 146
080721 2.240000e+52 2.59 a 1.100000e+54 155
080710 1.300000e+50 0.85 a 8.000000e+51 290
080707 2.500000e+50 1.23 a 3.400000e+51 137
080607 1.430000e+53 3.04 a 2.800000e+54 155
080605 3.070000e+52 1.64 a 2.100000e+53 147
080604 2.400000e+50 1.42 a 7.000000e+51 Image-trigger
080603B 3.700000e+51 2.69 a 6.000000e+52 121
080520 8.400000e+50 1.55 ah 1.100000e+51 443
080430 4.700000e+50 0.77 a 3.800000e+51 124
080413B 3.900000e+51 1.10 a 1.500000e+52 148
080330 1.500000e+50 1.51 a 4.100000e+51 137
080319C 6.000000e+51 1.95 a 6.000000e+52 155
080319B 6.210000e+52 0.94 a 4.000000e+54 155
080310 5.700000e+50 2.43 a 5.900000e+52 137
080210 4.700000e+51 2.64 a 5.100000e+52 Image-trigger
071122 8.000000e+49 1.14 a 3.000000e+51 Image-trigger
071031 9.600000e+50 2.69 a 3.900000e+52 291
071020 7.320000e+52 2.15 a 1.000000e+53 127
070802 1.100000e+51 2.45 a 5.000000e+51 Image-trigger
070721B 4.100000e+51 3.63 a 3.000000e+53 NA
070611 1.200000e+51 2.04 a 5.000000e+51 298
070506 2.000000e+51 2.31 a 2.600000e+51 Image-trigger
070419A 3.000000e+49 0.97 a 2.400000e+51 Image-trigger
070318 1.300000e+50 0.84 a 9.000000e+51 124
070208 9.500000e+49 1.17 ah 2.800000e+51 472
070110 1.810000e+52 2.35 ah 4.300000e+53 474
061121 5.400000e+51 1.31 a 1.900000e+53 123
061110B 4.300000e+51 3.44 a 1.300000e+53 307
061110A 1.100000e+50 0.76 ah 2.800000e+51 473
061021 1.200000e+50 0.35 a 4.000000e+51 146
061007 4.180000e+52 1.26 ah 1.400000e+54 155
060927 2.590000e+52 5.47 a 9.000000e+52 NA
060908 1.240000e+52 1.88 a 8.100000e+52 147
060729 4.500000e+49 0.54 a 3.300000e+51 450
060714 2.500000e+51 2.71 ah 7.700000e+52 NA
060707 4.000000e+51 3.43 a 6.100000e+52 302
060607A 3.600000e+51 3.08 a 9.000000e+52 146
060605 2.200000e+50 3.78 a 2.500000e+52 474
060526 8.000000e+50 3.21 a 5.200000e+52 124
060522 6.200000e+51 5.11 a 7.000000e+52 Image-trigger
060512 2.200000e+51 2.1 a 8.100000e+51 290
060502A 2.800000e+51 1.51 a 3.200000e+52 148
060210 8.500000e+51 3.91 a 4.200000e+53 155
060206 2.750000e+52 4.05 a 4.100000e+52 124
060124 3.500000e+49 2.30 a 7.000000e+51 146
060115 2.200000e+51 3.53 a 6.000000e+52 477
050922C 2.750000e+52 2.20 a 3.900000e+52 146
050908 3.100000e+51 3.34 a 1.300000e+52 262
050904 5.220000e+52 6.30 a 1.300000e+54 Image-trigger
050824 1.100000e+50 0.83 ah 1.500000e+51 Image-trigger
050820A 3.000000e+51 2.61 a 2.000000e+53 146
050802 1.800000e+51 1.71 a 1.800000e+52 149
050730 3.100000e+51 3.97 a 9.000000e+52 478
050525A 3.700000e+51 0.61 ah 2.000000e+52 rate-trigger(10418?)
050505 1.430000e+52 4.28 a 1.600000e+53 486
050401 3.750000e+52 2.90 a 3.200000e+53 155
050319 1.300000e+51 3.24 a 4.600000e+52 138
050318 7.300000e+50 1.44 a 1.200000e+52 69
050315 1.800000e+51 1.95 a 5.700000e+52 146
