0.000000	21.114912	0.000000
0.010000	26.118343	0.007364
0.020000	26.422747	0.028924
0.030000	26.602167	0.063906
0.040000	26.730386	0.111568
0.050000	26.830531	0.171194
0.060000	26.912903	0.242095
0.070000	26.982996	0.323609
0.080000	27.044090	0.415102
0.090000	27.098302	0.515962
0.100000	27.147076	0.625601
0.110000	27.191445	0.743455
0.120000	27.232169	0.868982
0.130000	27.269826	1.001661
0.140000	27.304867	1.140992
0.150000	27.337649	1.286495
0.160000	27.368457	1.437711
0.170000	27.397529	1.594197
0.180000	27.425060	1.755531
0.190000	27.451211	1.921307
0.200000	27.476123	2.091137
0.210000	27.499914	2.264647
0.220000	27.522684	2.441482
0.230000	27.544523	2.621302
0.240000	27.565507	2.803780
0.250000	27.585704	2.988606
0.260000	27.605175	3.175481
0.270000	27.623971	3.364123
0.280000	27.642140	3.554259
0.290000	27.659725	3.745632
0.300000	27.676763	3.937996
0.310000	27.693290	4.131117
0.320000	27.709336	4.324772
0.330000	27.724929	4.518748
0.340000	27.740095	4.712846
0.350000	27.754859	4.906873
0.360000	27.769241	5.100648
0.370000	27.783261	5.294001
0.380000	27.796939	5.486768
0.390000	27.810290	5.678797
0.400000	27.823330	5.869941
0.410000	27.836074	6.060065
0.420000	27.848535	6.249040
0.430000	27.860726	6.436744
0.440000	27.872659	6.623063
0.450000	27.884344	6.807891
0.460000	27.895792	6.991128
0.470000	27.907013	7.172679
0.480000	27.918014	7.352459
0.490000	27.928806	7.530384
0.500000	27.939395	7.706381
0.510000	27.949790	7.880379
0.520000	27.959997	8.052313
0.530000	27.970023	8.222124
0.540000	27.979874	8.389758
0.550000	27.989557	8.555163
0.560000	27.999077	8.718295
0.570000	28.008439	8.879111
0.580000	28.017648	9.037576
0.590000	28.026711	9.193655
0.600000	28.035630	9.347320
0.610000	28.044410	9.498542
0.620000	28.053057	9.647301
0.630000	28.061572	9.793577
0.640000	28.069962	9.937352
0.650000	28.078228	10.078614
0.660000	28.086375	10.217352
0.670000	28.094406	10.353558
0.680000	28.102324	10.487225
0.690000	28.110133	10.618351
0.700000	28.117834	10.746935
0.710000	28.125432	10.872978
0.720000	28.132928	10.996482
0.730000	28.140326	11.117454
0.740000	28.147627	11.235900
0.750000	28.154835	11.351827
0.760000	28.161951	11.465248
0.770000	28.168978	11.576172
0.780000	28.175918	11.684613
0.790000	28.182773	11.790585
0.800000	28.189545	11.894105
0.810000	28.196236	11.995188
0.820000	28.202847	12.093852
0.830000	28.209381	12.190117
0.840000	28.215840	12.284002
0.850000	28.222224	12.375527
0.860000	28.228536	12.464715
0.870000	28.234777	12.551586
0.880000	28.240949	12.636165
0.890000	28.247053	12.718474
0.900000	28.253091	12.798538
0.910000	28.259063	12.876381
0.920000	28.264972	12.952028
0.930000	28.270818	13.025505
0.940000	28.276603	13.096838
0.950000	28.282328	13.166052
0.960000	28.287995	13.233175
0.970000	28.293603	13.298233
0.980000	28.299156	13.361253
0.990000	28.304652	13.422262
1.000000	28.310095	13.481288
1.010000	28.315484	13.538357
1.020000	28.320821	13.593499
1.030000	28.326106	13.646740
1.040000	28.331340	13.698108
1.050000	28.336526	13.747631
1.060000	28.341662	13.795336
1.070000	28.346751	13.841252
1.080000	28.351793	13.885405
1.090000	28.356788	13.927824
1.100000	28.361739	13.968535
1.110000	28.366644	14.007567
1.120000	28.371506	14.044947
1.130000	28.376325	14.080701
1.140000	28.381102	14.114857
1.150000	28.385836	14.147442
1.160000	28.390530	14.178482
1.170000	28.395184	14.208003
1.180000	28.399798	14.236033
1.190000	28.404373	14.262596
1.200000	28.408910	14.287720
1.210000	28.413408	14.311429
1.220000	28.417870	14.333749
1.230000	28.422295	14.354705
1.240000	28.426684	14.374322
1.250000	28.431038	14.392625
1.260000	28.435357	14.409638
1.270000	28.439641	14.425386
1.280000	28.443892	14.439892
1.290000	28.448109	14.453179
1.300000	28.452293	14.465272
1.310000	28.456445	14.476193
1.320000	28.460565	14.485964
1.330000	28.464653	14.494610
1.340000	28.468711	14.502151
1.350000	28.472738	14.508610
1.360000	28.476734	14.514008
1.370000	28.480702	14.518366
1.380000	28.484639	14.521707
1.390000	28.488548	14.524050
1.400000	28.492429	14.525416
1.410000	28.496281	14.525825
1.420000	28.500106	14.525297
1.430000	28.503904	14.523852
1.440000	28.507674	14.521509
1.450000	28.511418	14.518288
1.460000	28.515136	14.514206
1.470000	28.518828	14.509282
1.480000	28.522494	14.503536
1.490000	28.526135	14.496983
1.500000	28.529751	14.489643
1.510000	28.533343	14.481532
1.520000	28.536911	14.472668
1.530000	28.540454	14.463067
1.540000	28.543974	14.452747
1.550000	28.547471	14.441722
1.560000	28.550944	14.430010
1.570000	28.554395	14.417625
1.580000	28.557824	14.404585
1.590000	28.561230	14.390902
1.600000	28.564614	14.376594
1.610000	28.567977	14.361673
1.620000	28.571318	14.346156
1.630000	28.574638	14.330055
1.640000	28.577937	14.313386
1.650000	28.581216	14.296161
1.660000	28.584474	14.278394
1.670000	28.587712	14.260099
1.680000	28.590931	14.241288
1.690000	28.594129	14.221975
1.700000	28.597308	14.202171
1.710000	28.600468	14.181889
1.720000	28.603609	14.161142
1.730000	28.606732	14.139940
1.740000	28.609835	14.118297
1.750000	28.612920	14.096222
1.760000	28.615988	14.073728
1.770000	28.619037	14.050826
1.780000	28.622068	14.027526
1.790000	28.625082	14.003839
1.800000	28.628079	13.979775
1.810000	28.631058	13.955345
1.820000	28.634020	13.930559
1.830000	28.636966	13.905426
1.840000	28.639895	13.879956
1.850000	28.642808	13.854160
1.860000	28.645704	13.828045
1.870000	28.648584	13.801621
1.880000	28.651448	13.774898
1.890000	28.654297	13.747884
1.900000	28.657130	13.720587
1.910000	28.659948	13.693016
1.920000	28.662750	13.665179
1.930000	28.665537	13.637084
1.940000	28.668309	13.608740
1.950000	28.671067	13.580155
1.960000	28.673810	13.551335
1.970000	28.676538	13.522288
1.980000	28.679252	13.493022
1.990000	28.681952	13.463543
2.000000	28.684638	13.433860
2.010000	28.687309	13.403978
2.020000	28.689967	13.373905
2.030000	28.692612	13.343648
2.040000	28.695243	13.313212
2.050000	28.697860	13.282604
2.060000	28.700464	13.251831
2.070000	28.703056	13.220898
2.080000	28.705634	13.189811
2.090000	28.708199	13.158578
2.100000	28.710751	13.127202
2.110000	28.713291	13.095690
2.120000	28.715819	13.064047
2.130000	28.718334	13.032279
2.140000	28.720836	13.000391
2.150000	28.723327	12.968388
2.160000	28.725805	12.936275
2.170000	28.728272	12.904058
2.180000	28.730727	12.871741
2.190000	28.733170	12.839328
2.200000	28.735601	12.806825
2.210000	28.738021	12.774236
2.220000	28.740429	12.741566
2.230000	28.742827	12.708818
2.240000	28.745213	12.675998
2.250000	28.747588	12.643109
2.260000	28.749952	12.610156
2.270000	28.752305	12.577142
2.280000	28.754647	12.544071
2.290000	28.756978	12.510947
2.300000	28.759299	12.477775
2.310000	28.761610	12.444557
2.320000	28.763910	12.411297
2.330000	28.766199	12.377999
2.340000	28.768478	12.344667
2.350000	28.770748	12.311302
2.360000	28.773007	12.277910
2.370000	28.775256	12.244492
2.380000	28.777495	12.211053
2.390000	28.779725	12.177595
2.400000	28.781944	12.144121
2.410000	28.784154	12.110634
2.420000	28.786355	12.077137
2.430000	28.788546	12.043633
2.440000	28.790727	12.010125
2.450000	28.792899	11.976614
2.460000	28.795062	11.943105
2.470000	28.797216	11.909599
2.480000	28.799361	11.876098
2.490000	28.801496	11.842606
2.500000	28.803623	11.809125
2.510000	28.805741	11.775656
2.520000	28.807850	11.742203
2.530000	28.809950	11.708767
2.540000	28.812041	11.675351
2.550000	28.814124	11.641957
2.560000	28.816199	11.608586
2.570000	28.818264	11.575241
2.580000	28.820322	11.541924
2.590000	28.822371	11.508636
2.600000	28.824412	11.475380
2.610000	28.826445	11.442158
2.620000	28.828469	11.408970
2.630000	28.830485	11.375819
2.640000	28.832494	11.342707
2.650000	28.834494	11.309635
2.660000	28.836487	11.276605
2.670000	28.838471	11.243618
2.680000	28.840448	11.210676
2.690000	28.842417	11.177780
2.700000	28.844379	11.144932
2.710000	28.846333	11.112133
2.720000	28.848279	11.079385
2.730000	28.850218	11.046688
2.740000	28.852149	11.014045
2.750000	28.854073	10.981457
2.760000	28.855990	10.948924
2.770000	28.857900	10.916447
2.780000	28.859802	10.884029
2.790000	28.861697	10.851671
2.800000	28.863585	10.819372
2.810000	28.865466	10.787135
2.820000	28.867339	10.754960
2.830000	28.869206	10.722849
2.840000	28.871066	10.690802
2.850000	28.872919	10.658820
2.860000	28.874766	10.626905
2.870000	28.876605	10.595056
2.880000	28.878438	10.563276
2.890000	28.880264	10.531565
2.900000	28.882083	10.499924
2.910000	28.883896	10.468353
2.920000	28.885703	10.436853
2.930000	28.887503	10.405426
2.940000	28.889296	10.374071
2.950000	28.891083	10.342790
2.960000	28.892864	10.311582
2.970000	28.894638	10.280450
2.980000	28.896406	10.249393
2.990000	28.898168	10.218413
3.000000	28.899924	10.187508
3.010000	28.901673	10.156682
3.020000	28.903417	10.125933
3.030000	28.905154	10.095262
3.040000	28.906886	10.064670
3.050000	28.908611	10.034158
3.060000	28.910331	10.003725
3.070000	28.912044	9.973373
3.080000	28.913752	9.943101
3.090000	28.915454	9.912911
3.100000	28.917150	9.882802
3.110000	28.918840	9.852775
3.120000	28.920525	9.822830
3.130000	28.922204	9.792969
3.140000	28.923877	9.763190
3.150000	28.925545	9.733495
3.160000	28.927207	9.703883
3.170000	28.928864	9.674355
3.180000	28.930515	9.644912
3.190000	28.932161	9.615554
3.200000	28.933802	9.586280
3.210000	28.935437	9.557091
3.220000	28.937066	9.527988
3.230000	28.938690	9.498970
3.240000	28.940309	9.470038
3.250000	28.941923	9.441192
3.260000	28.943532	9.412432
3.270000	28.945135	9.383759
3.280000	28.946733	9.355172
3.290000	28.948327	9.326671
3.300000	28.949915	9.298258
3.310000	28.951498	9.269931
3.320000	28.953076	9.241691
3.330000	28.954648	9.213539
3.340000	28.956216	9.185474
3.350000	28.957780	9.157496
3.360000	28.959338	9.129606
3.370000	28.960891	9.101803
3.380000	28.962439	9.074088
3.390000	28.963983	9.046460
3.400000	28.965522	9.018920
3.410000	28.967056	8.991468
3.420000	28.968585	8.964104
3.430000	28.970110	8.936827
3.440000	28.971630	8.909638
3.450000	28.973145	8.882537
3.460000	28.974656	8.855524
3.470000	28.976162	8.828599
3.480000	28.977664	8.801761
3.490000	28.979161	8.775011
3.500000	28.980654	8.748349
3.510000	28.982142	8.721775
3.520000	28.983625	8.695288
3.530000	28.985105	8.668889
3.540000	28.986579	8.642577
3.550000	28.988050	8.616353
3.560000	28.989516	8.590216
3.570000	28.990978	8.564167
3.580000	28.992435	8.538205
3.590000	28.993888	8.512330
3.600000	28.995337	8.486542
3.610000	28.996782	8.460842
3.620000	28.998222	8.435228
3.630000	28.999658	8.409701
3.640000	29.001091	8.384260
3.650000	29.002519	8.358907
3.660000	29.003942	8.333639
3.670000	29.005362	8.308458
3.680000	29.006778	8.283364
3.690000	29.008190	8.258355
3.700000	29.009597	8.233432
3.710000	29.011001	8.208596
3.720000	29.012401	8.183844
3.730000	29.013796	8.159179
3.740000	29.015188	8.134599
3.750000	29.016576	8.110104
3.760000	29.017960	8.085694
3.770000	29.019340	8.061369
3.780000	29.020716	8.037128
3.790000	29.022089	8.012973
3.800000	29.023457	7.988901
3.810000	29.024822	7.964914
3.820000	29.026183	7.941011
3.830000	29.027541	7.917192
3.840000	29.028894	7.893456
3.850000	29.030244	7.869804
3.860000	29.031590	7.846236
3.870000	29.032933	7.822750
3.880000	29.034272	7.799348
3.890000	29.035607	7.776028
3.900000	29.036939	7.752791
3.910000	29.038267	7.729636
3.920000	29.039591	7.706563
3.930000	29.040912	7.683572
3.940000	29.042230	7.660663
3.950000	29.043544	7.637835
3.960000	29.044854	7.615089
3.970000	29.046161	7.592424
3.980000	29.047464	7.569840
3.990000	29.048764	7.547336
4.000000	29.050061	7.524913
4.010000	29.051354	7.502570
4.020000	29.052644	7.480307
4.030000	29.053931	7.458124
4.040000	29.055214	7.436020
4.050000	29.056493	7.413996
4.060000	29.057770	7.392051
4.070000	29.059043	7.370185
4.080000	29.060313	7.348397
4.090000	29.061579	7.326688
4.100000	29.062842	7.305057
4.110000	29.064103	7.283504
4.120000	29.065359	7.262029
4.130000	29.066613	7.240632
4.140000	29.067863	7.219311
4.150000	29.069111	7.198068
4.160000	29.070355	7.176901
4.170000	29.071596	7.155811
4.180000	29.072834	7.134798
4.190000	29.074068	7.113860
4.200000	29.075300	7.092998
4.210000	29.076528	7.072212
4.220000	29.077754	7.051501
4.230000	29.078976	7.030865
4.240000	29.080196	7.010305
4.250000	29.081412	6.989818
4.260000	29.082625	6.969406
4.270000	29.083836	6.949069
4.280000	29.085043	6.928805
4.290000	29.086247	6.908615
4.300000	29.087449	6.888498
4.310000	29.088647	6.868454
4.320000	29.089843	6.848484
4.330000	29.091036	6.828586
4.340000	29.092225	6.808760
4.350000	29.093412	6.789007
4.360000	29.094596	6.769325
4.370000	29.095777	6.749715
4.380000	29.096956	6.730177
4.390000	29.098131	6.710710
4.400000	29.099304	6.691313
4.410000	29.100474	6.671988
4.420000	29.101641	6.652732
4.430000	29.102805	6.633547
4.440000	29.103967	6.614432
4.450000	29.105125	6.595387
4.460000	29.106282	6.576411
4.470000	29.107435	6.557504
4.480000	29.108585	6.538666
4.490000	29.109733	6.519897
4.500000	29.110879	6.501197
4.510000	29.112021	6.482564
4.520000	29.113161	6.464000
4.530000	29.114298	6.445503
4.540000	29.115433	6.427074
4.550000	29.116565	6.408712
4.560000	29.117694	6.390416
4.570000	29.118821	6.372188
4.580000	29.119945	6.354026
4.590000	29.121067	6.335930
4.600000	29.122186	6.317901
4.610000	29.123302	6.299937
4.620000	29.124416	6.282038
4.630000	29.125528	6.264205
4.640000	29.126636	6.246436
4.650000	29.127743	6.228733
4.660000	29.128847	6.211094
4.670000	29.129948	6.193519
4.680000	29.131047	6.176008
4.690000	29.132143	6.158562
4.700000	29.133237	6.141178
4.710000	29.134329	6.123858
4.720000	29.135418	6.106601
4.730000	29.136504	6.089407
4.740000	29.137589	6.072275
4.750000	29.138670	6.055206
4.760000	29.139750	6.038199
4.770000	29.140827	6.021253
4.780000	29.141901	6.004370
4.790000	29.142974	5.987547
4.800000	29.144044	5.970786
4.810000	29.145111	5.954086
4.820000	29.146177	5.937446
4.830000	29.147240	5.920867
4.840000	29.148300	5.904348
4.850000	29.149358	5.887889
4.860000	29.150415	5.871490
4.870000	29.151468	5.855150
4.880000	29.152520	5.838870
4.890000	29.153569	5.822648
4.900000	29.154616	5.806485
4.910000	29.155661	5.790381
4.920000	29.156703	5.774336
4.930000	29.157743	5.758348
4.940000	29.158781	5.742418
4.950000	29.159817	5.726546
4.960000	29.160851	5.710731
4.970000	29.161882	5.694974
4.980000	29.162911	5.679273
4.990000	29.163939	5.663630
5.000000	29.164963	5.648042
5.010000	29.165986	5.632511
5.020000	29.167007	5.617036
5.030000	29.168025	5.601617
5.040000	29.169042	5.586254
5.050000	29.170056	5.570946
5.060000	29.171068	5.555693
5.070000	29.172078	5.540495
5.080000	29.173086	5.525352
5.090000	29.174092	5.510263
5.100000	29.175096	5.495229
5.110000	29.176097	5.480248
5.120000	29.177097	5.465322
5.130000	29.178094	5.450449
5.140000	29.179090	5.435630
5.150000	29.180083	5.420864
5.160000	29.181075	5.406151
5.170000	29.182064	5.391490
5.180000	29.183052	5.376882
5.190000	29.184037	5.362327
5.200000	29.185021	5.347824
5.210000	29.186002	5.333372
5.220000	29.186982	5.318973
5.230000	29.187959	5.304625
5.240000	29.188935	5.290328
5.250000	29.189908	5.276082
5.260000	29.190880	5.261887
5.270000	29.191850	5.247743
5.280000	29.192817	5.233650
5.290000	29.193783	5.219606
5.300000	29.194747	5.205613
5.310000	29.195709	5.191670
5.320000	29.196669	5.177776
5.330000	29.197627	5.163932
5.340000	29.198584	5.150137
5.350000	29.199538	5.136391
5.360000	29.200491	5.122694
5.370000	29.201441	5.109045
5.380000	29.202390	5.095445
5.390000	29.203337	5.081893
5.400000	29.204282	5.068390
5.410000	29.205226	5.054934
5.420000	29.206167	5.041526
5.430000	29.207107	5.028165
5.440000	29.208044	5.014852
5.450000	29.208980	5.001586
5.460000	29.209915	4.988366
5.470000	29.210847	4.975194
5.480000	29.211778	4.962068
5.490000	29.212707	4.948988
5.500000	29.213634	4.935954
5.510000	29.214559	4.922966
5.520000	29.215482	4.910024
5.530000	29.216404	4.897128
5.540000	29.217324	4.884277
5.550000	29.218242	4.871471
5.560000	29.219159	4.858711
5.570000	29.220074	4.845995
5.580000	29.220987	4.833323
5.590000	29.221898	4.820696
5.600000	29.222808	4.808114
5.610000	29.223716	4.795575
5.620000	29.224622	4.783081
5.630000	29.225526	4.770630
5.640000	29.226429	4.758223
5.650000	29.227330	4.745859
5.660000	29.228230	4.733538
5.670000	29.229128	4.721260
5.680000	29.230024	4.709026
5.690000	29.230918	4.696833
5.700000	29.231811	4.684684
5.710000	29.232702	4.672576
5.720000	29.233592	4.660511
5.730000	29.234480	4.648488
5.740000	29.235366	4.636507
5.750000	29.236251	4.624567
5.760000	29.237134	4.612668
5.770000	29.238015	4.600811
5.780000	29.238895	4.588996
5.790000	29.239773	4.577221
5.800000	29.240650	4.565486
5.810000	29.241525	4.553793
5.820000	29.242399	4.542140
5.830000	29.243271	4.530527
5.840000	29.244141	4.518954
5.850000	29.245010	4.507421
5.860000	29.245877	4.495928
5.870000	29.246743	4.484475
5.880000	29.247607	4.473061
5.890000	29.248469	4.461686
5.900000	29.249330	4.450351
5.910000	29.250190	4.439054
5.920000	29.251048	4.427797
5.930000	29.251904	4.416578
5.940000	29.252759	4.405397
5.950000	29.253612	4.394255
5.960000	29.254464	4.383151
5.970000	29.255315	4.372085
5.980000	29.256164	4.361057
5.990000	29.257011	4.350067
6.000000	29.257857	4.339114
6.010000	29.258702	4.328199
6.020000	29.259544	4.317320
6.030000	29.260386	4.306479
6.040000	29.261226	4.295675
6.050000	29.262065	4.284908
6.060000	29.262902	4.274177
6.070000	29.263737	4.263483
6.080000	29.264572	4.252826
6.090000	29.265404	4.242204
6.100000	29.266236	4.231619
6.110000	29.267066	4.221069
6.120000	29.267894	4.210555
6.130000	29.268721	4.200077
6.140000	29.269547	4.189634
6.150000	29.270371	4.179227
6.160000	29.271194	4.168855
6.170000	29.272015	4.158517
6.180000	29.272836	4.148215
6.190000	29.273654	4.137948
6.200000	29.274471	4.127715
6.210000	29.275287	4.117516
6.220000	29.276102	4.107352
6.230000	29.276915	4.097222
6.240000	29.277727	4.087126
6.250000	29.278537	4.077064
6.260000	29.279346	4.067036
6.270000	29.280154	4.057041
6.280000	29.280960	4.047080
6.290000	29.281765	4.037153
6.300000	29.282569	4.027258
6.310000	29.283371	4.017397
6.320000	29.284172	4.007568
6.330000	29.284971	3.997773
6.340000	29.285770	3.988010
6.350000	29.286567	3.978279
6.360000	29.287362	3.968582
6.370000	29.288157	3.958916
6.380000	29.288950	3.949282
6.390000	29.289741	3.939681
6.400000	29.290532	3.930112
6.410000	29.291321	3.920574
6.420000	29.292109	3.911068
6.430000	29.292895	3.901593
6.440000	29.293681	3.892150
6.450000	29.294465	3.882738
6.460000	29.295247	3.873357
6.470000	29.296029	3.864008
6.480000	29.296809	3.854689
6.490000	29.297588	3.845401
6.500000	29.298365	3.836143
6.510000	29.299142	3.826916
6.520000	29.299917	3.817720
6.530000	29.300691	3.808553
6.540000	29.301464	3.799417
6.550000	29.302235	3.790311
6.560000	29.303005	3.781235
6.570000	29.303774	3.772189
6.580000	29.304542	3.763172
6.590000	29.305308	3.754185
6.600000	29.306073	3.745227
6.610000	29.306838	3.736299
6.620000	29.307600	3.727399
6.630000	29.308362	3.718529
6.640000	29.309122	3.709688
6.650000	29.309882	3.700876
6.660000	29.310640	3.692092
6.670000	29.311396	3.683337
6.680000	29.312152	3.674611
6.690000	29.312907	3.665912
6.700000	29.313660	3.657243
6.710000	29.314412	3.648601
6.720000	29.315163	3.639987
6.730000	29.315913	3.631402
6.740000	29.316661	3.622844
6.750000	29.317408	3.614314
6.760000	29.318155	3.605811
6.770000	29.318900	3.597336
6.780000	29.319644	3.588888
6.790000	29.320386	3.580468
6.800000	29.321128	3.572075
6.810000	29.321869	3.563708
6.820000	29.322608	3.555369
6.830000	29.323346	3.547057
6.840000	29.324083	3.538771
6.850000	29.324819	3.530512
6.860000	29.325554	3.522280
6.870000	29.326288	3.514074
6.880000	29.327020	3.505894
6.890000	29.327752	3.497740
6.900000	29.328482	3.489613
6.910000	29.329211	3.481511
6.920000	29.329939	3.473436
6.930000	29.330666	3.465386
6.940000	29.331392	3.457362
6.950000	29.332117	3.449364
6.960000	29.332841	3.441391
6.970000	29.333563	3.433443
6.980000	29.334285	3.425521
6.990000	29.335005	3.417624
7.000000	29.335725	3.409752
7.010000	29.336443	3.401905
7.020000	29.337160	3.394083
7.030000	29.337876	3.386286
7.040000	29.338591	3.378513
7.050000	29.339306	3.370765
7.060000	29.340018	3.363042
7.070000	29.340730	3.355343
7.080000	29.341441	3.347668
7.090000	29.342151	3.340017
7.100000	29.342860	3.332391
7.110000	29.343567	3.324789
7.120000	29.344274	3.317210
7.130000	29.344980	3.309656
7.140000	29.345684	3.302125
7.150000	29.346388	3.294618
7.160000	29.347090	3.287134
7.170000	29.347792	3.279674
7.180000	29.348492	3.272238
7.190000	29.349192	3.264824
7.200000	29.349890	3.257434
7.210000	29.350587	3.250067
7.220000	29.351284	3.242723
7.230000	29.351979	3.235402
7.240000	29.352673	3.228104
7.250000	29.353367	3.220828
7.260000	29.354059	3.213575
7.270000	29.354750	3.206345
7.280000	29.355441	3.199137
7.290000	29.356130	3.191952
7.300000	29.356818	3.184789
7.310000	29.357506	3.177648
7.320000	29.358192	3.170529
7.330000	29.358878	3.163433
7.340000	29.359562	3.156358
7.350000	29.360245	3.149305
7.360000	29.360928	3.142274
7.370000	29.361609	3.135265
7.380000	29.362290	3.128278
7.390000	29.362969	3.121312
7.400000	29.363648	3.114367
7.410000	29.364326	3.107444
7.420000	29.365002	3.100542
7.430000	29.365678	3.093662
7.440000	29.366353	3.086802
7.450000	29.367027	3.079964
7.460000	29.367699	3.073146
7.470000	29.368371	3.066350
7.480000	29.369042	3.059574
7.490000	29.369712	3.052819
7.500000	29.370381	3.046085
7.510000	29.371050	3.039371
7.520000	29.371717	3.032678
7.530000	29.372383	3.026005
7.540000	29.373048	3.019353
7.550000	29.373713	3.012720
7.560000	29.374376	3.006109
7.570000	29.375039	2.999517
7.580000	29.375701	2.992945
7.590000	29.376361	2.986393
7.600000	29.377021	2.979861
7.610000	29.377680	2.973349
7.620000	29.378338	2.966857
7.630000	29.378995	2.960384
7.640000	29.379652	2.953931
7.650000	29.380307	2.947497
7.660000	29.380961	2.941083
7.670000	29.381615	2.934688
7.680000	29.382268	2.928313
7.690000	29.382919	2.921956
7.700000	29.383570	2.915619
7.710000	29.384220	2.909301
7.720000	29.384869	2.903002
7.730000	29.385517	2.896722
7.740000	29.386165	2.890461
7.750000	29.386811	2.884218
7.760000	29.387457	2.877994
7.770000	29.388101	2.871789
7.780000	29.388745	2.865603
7.790000	29.389388	2.859435
7.800000	29.390030	2.853285
7.810000	29.390672	2.847154
7.820000	29.391312	2.841041
7.830000	29.391951	2.834946
7.840000	29.392590	2.828870
7.850000	29.393228	2.822811
7.860000	29.393865	2.816771
7.870000	29.394501	2.810748
7.880000	29.395136	2.804744
7.890000	29.395771	2.798757
7.900000	29.396404	2.792788
7.910000	29.397037	2.786837
7.920000	29.397669	2.780903
7.930000	29.398300	2.774987
7.940000	29.398930	2.769089
7.950000	29.399560	2.763208
7.960000	29.400188	2.757344
7.970000	29.400816	2.751497
7.980000	29.401443	2.745668
7.990000	29.402069	2.739856
8.000000	29.402694	2.734061
8.010000	29.403319	2.728283
8.020000	29.403942	2.722523
8.030000	29.404565	2.716779
8.040000	29.405187	2.711052
8.050000	29.405808	2.705341
8.060000	29.406429	2.699648
8.070000	29.407048	2.693971
8.080000	29.407667	2.688310
8.090000	29.408285	2.682667
8.100000	29.408902	2.677040
8.110000	29.409518	2.671429
8.120000	29.410134	2.665834
8.130000	29.410749	2.660256
8.140000	29.411363	2.654694
8.150000	29.411976	2.649149
8.160000	29.412588	2.643619
8.170000	29.413200	2.638106
8.180000	29.413811	2.632608
8.190000	29.414421	2.627127
8.200000	29.415030	2.621661
8.210000	29.415639	2.616211
8.220000	29.416246	2.610777
8.230000	29.416853	2.605359
8.240000	29.417459	2.599956
8.250000	29.418065	2.594569
8.260000	29.418669	2.589198
8.270000	29.419273	2.583842
8.280000	29.419876	2.578501
8.290000	29.420479	2.573176
8.300000	29.421080	2.567866
8.310000	29.421681	2.562572
8.320000	29.422281	2.557293
8.330000	29.422881	2.552028
8.340000	29.423479	2.546779
8.350000	29.424077	2.541545
8.360000	29.424674	2.536326
8.370000	29.425270	2.531122
8.380000	29.425866	2.525933
8.390000	29.426461	2.520759
8.400000	29.427055	2.515599
8.410000	29.427648	2.510454
8.420000	29.428241	2.505324
8.430000	29.428832	2.500208
8.440000	29.429424	2.495107
8.450000	29.430014	2.490021
8.460000	29.430604	2.484949
8.470000	29.431192	2.479891
8.480000	29.431781	2.474848
8.490000	29.432368	2.469819
8.500000	29.432955	2.464805
8.510000	29.433541	2.459804
8.520000	29.434126	2.454818
8.530000	29.434711	2.449846
8.540000	29.435295	2.444887
8.550000	29.435878	2.439943
8.560000	29.436460	2.435013
8.570000	29.437042	2.430097
8.580000	29.437623	2.425194
8.590000	29.438203	2.420306
8.600000	29.438783	2.415431
8.610000	29.439362	2.410570
8.620000	29.439940	2.405722
8.630000	29.440517	2.400888
8.640000	29.441094	2.396068
8.650000	29.441670	2.391261
8.660000	29.442245	2.386468
8.670000	29.442820	2.381688
8.680000	29.443394	2.376921
8.690000	29.443967	2.372168
8.700000	29.444540	2.367428
8.710000	29.445112	2.362701
8.720000	29.445683	2.357987
8.730000	29.446254	2.353287
8.740000	29.446823	2.348600
8.750000	29.447393	2.343925
8.760000	29.447961	2.339264
8.770000	29.448529	2.334616
8.780000	29.449096	2.329980
8.790000	29.449663	2.325358
8.800000	29.450228	2.320748
8.810000	29.450793	2.316151
8.820000	29.451358	2.311566
8.830000	29.451922	2.306995
8.840000	29.452485	2.302436
8.850000	29.453047	2.297889
8.860000	29.453609	2.293356
8.870000	29.454170	2.288834
8.880000	29.454730	2.284325
8.890000	29.455290	2.279829
8.900000	29.455849	2.275345
8.910000	29.456408	2.270873
8.920000	29.456966	2.266414
8.930000	29.457523	2.261966
8.940000	29.458079	2.257531
8.950000	29.458635	2.253108
8.960000	29.459190	2.248698
8.970000	29.459745	2.244299
8.980000	29.460299	2.239912
8.990000	29.460852	2.235538
9.000000	29.461405	2.231175
9.010000	29.461957	2.226824
9.020000	29.462508	2.222485
9.030000	29.463059	2.218158
9.040000	29.463609	2.213843
9.050000	29.464158	2.209539
9.060000	29.464707	2.205247
9.070000	29.465255	2.200967
9.080000	29.465802	2.196698
9.090000	29.466349	2.192441
9.100000	29.466895	2.188196
9.110000	29.467441	2.183962
9.120000	29.467986	2.179739
9.130000	29.468530	2.175528
9.140000	29.469074	2.171328
9.150000	29.469617	2.167140
9.160000	29.470160	2.162963
9.170000	29.470702	2.158797
9.180000	29.471243	2.154643
9.190000	29.471784	2.150499
9.200000	29.472324	2.146367
9.210000	29.472863	2.142246
9.220000	29.473402	2.138136
9.230000	29.473940	2.134037
9.240000	29.474478	2.129949
9.250000	29.475015	2.125872
9.260000	29.475551	2.121806
9.270000	29.476087	2.117751
9.280000	29.476622	2.113706
9.290000	29.477156	2.109673
9.300000	29.477690	2.105650
9.310000	29.478224	2.101638
9.320000	29.478756	2.097636
9.330000	29.479288	2.093646
9.340000	29.479820	2.089666
9.350000	29.480351	2.085696
9.360000	29.480881	2.081737
9.370000	29.481411	2.077789
9.380000	29.481940	2.073851
9.390000	29.482469	2.069924
9.400000	29.482997	2.066007
9.410000	29.483524	2.062100
9.420000	29.484051	2.058204
9.430000	29.484577	2.054318
9.440000	29.485103	2.050442
9.450000	29.485628	2.046577
9.460000	29.486152	2.042721
9.470000	29.486676	2.038876
9.480000	29.487200	2.035041
9.490000	29.487722	2.031217
9.500000	29.488245	2.027402
9.510000	29.488766	2.023597
9.520000	29.489287	2.019802
9.530000	29.489808	2.016018
9.540000	29.490327	2.012243
9.550000	29.490847	2.008478
9.560000	29.491365	2.004723
9.570000	29.491884	2.000978
9.580000	29.492401	1.997243
9.590000	29.492918	1.993517
9.600000	29.493435	1.989801
9.610000	29.493951	1.986095
9.620000	29.494466	1.982398
9.630000	29.494981	1.978712
9.640000	29.495495	1.975034
9.650000	29.496009	1.971367
9.660000	29.496522	1.967709
9.670000	29.497034	1.964060
9.680000	29.497546	1.960421
9.690000	29.498058	1.956791
9.700000	29.498569	1.953171
9.710000	29.499079	1.949560
9.720000	29.499589	1.945959
9.730000	29.500098	1.942367
9.740000	29.500607	1.938784
9.750000	29.501115	1.935210
9.760000	29.501623	1.931646
9.770000	29.502130	1.928091
9.780000	29.502636	1.924545
9.790000	29.503142	1.921008
9.800000	29.503647	1.917480
9.810000	29.504152	1.913962
9.820000	29.504657	1.910452
9.830000	29.505161	1.906952
9.840000	29.505664	1.903460
9.850000	29.506167	1.899978
9.860000	29.506669	1.896504
9.870000	29.507170	1.893039
9.880000	29.507672	1.889583
9.890000	29.508172	1.886136
9.900000	29.508672	1.882698
9.910000	29.509172	1.879269
9.920000	29.509671	1.875848
9.930000	29.510169	1.872436
9.940000	29.510667	1.869033
9.950000	29.511165	1.865639
9.960000	29.511662	1.862253
9.970000	29.512158	1.858876
9.980000	29.512654	1.855507
9.990000	29.513149	1.852147
10.000000	29.513644	1.848795
