0.000000	21.114912
0.010000	26.118343
0.020000	26.422747
0.030000	26.602167
0.040000	26.730386
0.050000	26.830531
0.060000	26.912903
0.070000	26.982996
0.080000	27.044090
0.090000	27.098302
0.100000	27.147076
0.110000	27.191445
0.120000	27.232169
0.130000	27.269826
0.140000	27.304867
0.150000	27.337649
0.160000	27.368457
0.170000	27.397529
0.180000	27.425060
0.190000	27.451211
0.200000	27.476123
0.210000	27.499914
0.220000	27.522684
0.230000	27.544523
0.240000	27.565507
0.250000	27.585704
0.260000	27.605175
0.270000	27.623971
0.280000	27.642140
0.290000	27.659725
0.300000	27.676763
0.310000	27.693290
0.320000	27.709336
0.330000	27.724929
0.340000	27.740095
0.350000	27.754859
0.360000	27.769241
0.370000	27.783261
0.380000	27.796939
0.390000	27.810290
0.400000	27.823330
0.410000	27.836074
0.420000	27.848535
0.430000	27.860726
0.440000	27.872659
0.450000	27.884344
0.460000	27.895792
0.470000	27.907013
0.480000	27.918014
0.490000	27.928806
0.500000	27.939395
0.510000	27.949790
0.520000	27.959997
0.530000	27.970023
0.540000	27.979874
0.550000	27.989557
0.560000	27.999077
0.570000	28.008439
0.580000	28.017648
0.590000	28.026711
0.600000	28.035630
0.610000	28.044410
0.620000	28.053057
0.630000	28.061572
0.640000	28.069962
0.650000	28.078228
0.660000	28.086375
0.670000	28.094406
0.680000	28.102324
0.690000	28.110133
0.700000	28.117834
0.710000	28.125432
0.720000	28.132928
0.730000	28.140326
0.740000	28.147627
0.750000	28.154835
0.760000	28.161951
0.770000	28.168978
0.780000	28.175918
0.790000	28.182773
0.800000	28.189545
0.810000	28.196236
0.820000	28.202847
0.830000	28.209381
0.840000	28.215840
0.850000	28.222224
0.860000	28.228536
0.870000	28.234777
0.880000	28.240949
0.890000	28.247053
0.900000	28.253091
0.910000	28.259063
0.920000	28.264972
0.930000	28.270818
0.940000	28.276603
0.950000	28.282328
0.960000	28.287995
0.970000	28.293603
0.980000	28.299156
0.990000	28.304652
1.000000	28.310095
1.010000	28.315484
1.020000	28.320821
1.030000	28.326106
1.040000	28.331340
1.050000	28.336526
1.060000	28.341662
1.070000	28.346751
1.080000	28.351793
1.090000	28.356788
1.100000	28.361739
1.110000	28.366644
1.120000	28.371506
1.130000	28.376325
1.140000	28.381102
1.150000	28.385836
1.160000	28.390530
1.170000	28.395184
1.180000	28.399798
1.190000	28.404373
1.200000	28.408910
1.210000	28.413408
1.220000	28.417870
1.230000	28.422295
1.240000	28.426684
1.250000	28.431038
1.260000	28.435357
1.270000	28.439641
1.280000	28.443892
1.290000	28.448109
1.300000	28.452293
1.310000	28.456445
1.320000	28.460565
1.330000	28.464653
1.340000	28.468711
1.350000	28.472738
1.360000	28.476734
1.370000	28.480702
1.380000	28.484639
1.390000	28.488548
1.400000	28.492429
1.410000	28.496281
1.420000	28.500106
1.430000	28.503904
1.440000	28.507674
1.450000	28.511418
1.460000	28.515136
1.470000	28.518828
1.480000	28.522494
1.490000	28.526135
1.500000	28.529751
1.510000	28.533343
1.520000	28.536911
1.530000	28.540454
1.540000	28.543974
1.550000	28.547471
1.560000	28.550944
1.570000	28.554395
1.580000	28.557824
1.590000	28.561230
1.600000	28.564614
1.610000	28.567977
1.620000	28.571318
1.630000	28.574638
1.640000	28.577937
1.650000	28.581216
1.660000	28.584474
1.670000	28.587712
1.680000	28.590931
1.690000	28.594129
1.700000	28.597308
1.710000	28.600468
1.720000	28.603609
1.730000	28.606732
1.740000	28.609835
1.750000	28.612920
1.760000	28.615988
1.770000	28.619037
1.780000	28.622068
1.790000	28.625082
1.800000	28.628079
1.810000	28.631058
1.820000	28.634020
1.830000	28.636966
1.840000	28.639895
1.850000	28.642808
1.860000	28.645704
1.870000	28.648584
1.880000	28.651448
1.890000	28.654297
1.900000	28.657130
1.910000	28.659948
1.920000	28.662750
1.930000	28.665537
1.940000	28.668309
1.950000	28.671067
1.960000	28.673810
1.970000	28.676538
1.980000	28.679252
1.990000	28.681952
2.000000	28.684638
2.010000	28.687309
2.020000	28.689967
2.030000	28.692612
2.040000	28.695243
2.050000	28.697860
2.060000	28.700464
2.070000	28.703056
2.080000	28.705634
2.090000	28.708199
2.100000	28.710751
2.110000	28.713291
2.120000	28.715819
2.130000	28.718334
2.140000	28.720836
2.150000	28.723327
2.160000	28.725805
2.170000	28.728272
2.180000	28.730727
2.190000	28.733170
2.200000	28.735601
2.210000	28.738021
2.220000	28.740429
2.230000	28.742827
2.240000	28.745213
2.250000	28.747588
2.260000	28.749952
2.270000	28.752305
2.280000	28.754647
2.290000	28.756978
2.300000	28.759299
2.310000	28.761610
2.320000	28.763910
2.330000	28.766199
2.340000	28.768478
2.350000	28.770748
2.360000	28.773007
2.370000	28.775256
2.380000	28.777495
2.390000	28.779725
2.400000	28.781944
2.410000	28.784154
2.420000	28.786355
2.430000	28.788546
2.440000	28.790727
2.450000	28.792899
2.460000	28.795062
2.470000	28.797216
2.480000	28.799361
2.490000	28.801496
2.500000	28.803623
2.510000	28.805741
2.520000	28.807850
2.530000	28.809950
2.540000	28.812041
2.550000	28.814124
2.560000	28.816199
2.570000	28.818264
2.580000	28.820322
2.590000	28.822371
2.600000	28.824412
2.610000	28.826445
2.620000	28.828469
2.630000	28.830485
2.640000	28.832494
2.650000	28.834494
2.660000	28.836487
2.670000	28.838471
2.680000	28.840448
2.690000	28.842417
2.700000	28.844379
2.710000	28.846333
2.720000	28.848279
2.730000	28.850218
2.740000	28.852149
2.750000	28.854073
2.760000	28.855990
2.770000	28.857900
2.780000	28.859802
2.790000	28.861697
2.800000	28.863585
2.810000	28.865466
2.820000	28.867339
2.830000	28.869206
2.840000	28.871066
2.850000	28.872919
2.860000	28.874766
2.870000	28.876605
2.880000	28.878438
2.890000	28.880264
2.900000	28.882083
2.910000	28.883896
2.920000	28.885703
2.930000	28.887503
2.940000	28.889296
2.950000	28.891083
2.960000	28.892864
2.970000	28.894638
2.980000	28.896406
2.990000	28.898168
3.000000	28.899924
3.010000	28.901673
3.020000	28.903417
3.030000	28.905154
3.040000	28.906886
3.050000	28.908611
3.060000	28.910331
3.070000	28.912044
3.080000	28.913752
3.090000	28.915454
3.100000	28.917150
3.110000	28.918840
3.120000	28.920525
3.130000	28.922204
3.140000	28.923877
3.150000	28.925545
3.160000	28.927207
3.170000	28.928864
3.180000	28.930515
3.190000	28.932161
3.200000	28.933802
3.210000	28.935437
3.220000	28.937066
3.230000	28.938690
3.240000	28.940309
3.250000	28.941923
3.260000	28.943532
3.270000	28.945135
3.280000	28.946733
3.290000	28.948327
3.300000	28.949915
3.310000	28.951498
3.320000	28.953076
3.330000	28.954648
3.340000	28.956216
3.350000	28.957780
3.360000	28.959338
3.370000	28.960891
3.380000	28.962439
3.390000	28.963983
3.400000	28.965522
3.410000	28.967056
3.420000	28.968585
3.430000	28.970110
3.440000	28.971630
3.450000	28.973145
3.460000	28.974656
3.470000	28.976162
3.480000	28.977664
3.490000	28.979161
3.500000	28.980654
3.510000	28.982142
3.520000	28.983625
3.530000	28.985105
3.540000	28.986579
3.550000	28.988050
3.560000	28.989516
3.570000	28.990978
3.580000	28.992435
3.590000	28.993888
3.600000	28.995337
3.610000	28.996782
3.620000	28.998222
3.630000	28.999658
3.640000	29.001091
3.650000	29.002519
3.660000	29.003942
3.670000	29.005362
3.680000	29.006778
3.690000	29.008190
3.700000	29.009597
3.710000	29.011001
3.720000	29.012401
3.730000	29.013796
3.740000	29.015188
3.750000	29.016576
3.760000	29.017960
3.770000	29.019340
3.780000	29.020716
3.790000	29.022089
3.800000	29.023457
3.810000	29.024822
3.820000	29.026183
3.830000	29.027541
3.840000	29.028894
3.850000	29.030244
3.860000	29.031590
3.870000	29.032933
3.880000	29.034272
3.890000	29.035607
3.900000	29.036939
3.910000	29.038267
3.920000	29.039591
3.930000	29.040912
3.940000	29.042230
3.950000	29.043544
3.960000	29.044854
3.970000	29.046161
3.980000	29.047464
3.990000	29.048764
4.000000	29.050061
4.010000	29.051354
4.020000	29.052644
4.030000	29.053931
4.040000	29.055214
4.050000	29.056493
4.060000	29.057770
4.070000	29.059043
4.080000	29.060313
4.090000	29.061579
4.100000	29.062842
4.110000	29.064103
4.120000	29.065359
4.130000	29.066613
4.140000	29.067863
4.150000	29.069111
4.160000	29.070355
4.170000	29.071596
4.180000	29.072834
4.190000	29.074068
4.200000	29.075300
4.210000	29.076528
4.220000	29.077754
4.230000	29.078976
4.240000	29.080196
4.250000	29.081412
4.260000	29.082625
4.270000	29.083836
4.280000	29.085043
4.290000	29.086247
4.300000	29.087449
4.310000	29.088647
4.320000	29.089843
4.330000	29.091036
4.340000	29.092225
4.350000	29.093412
4.360000	29.094596
4.370000	29.095777
4.380000	29.096956
4.390000	29.098131
4.400000	29.099304
4.410000	29.100474
4.420000	29.101641
4.430000	29.102805
4.440000	29.103967
4.450000	29.105125
4.460000	29.106282
4.470000	29.107435
4.480000	29.108585
4.490000	29.109733
4.500000	29.110879
4.510000	29.112021
4.520000	29.113161
4.530000	29.114298
4.540000	29.115433
4.550000	29.116565
4.560000	29.117694
4.570000	29.118821
4.580000	29.119945
4.590000	29.121067
4.600000	29.122186
4.610000	29.123302
4.620000	29.124416
4.630000	29.125528
4.640000	29.126636
4.650000	29.127743
4.660000	29.128847
4.670000	29.129948
4.680000	29.131047
4.690000	29.132143
4.700000	29.133237
4.710000	29.134329
4.720000	29.135418
4.730000	29.136504
4.740000	29.137589
4.750000	29.138670
4.760000	29.139750
4.770000	29.140827
4.780000	29.141901
4.790000	29.142974
4.800000	29.144044
4.810000	29.145111
4.820000	29.146177
4.830000	29.147240
4.840000	29.148300
4.850000	29.149358
4.860000	29.150415
4.870000	29.151468
4.880000	29.152520
4.890000	29.153569
4.900000	29.154616
4.910000	29.155661
4.920000	29.156703
4.930000	29.157743
4.940000	29.158781
4.950000	29.159817
4.960000	29.160851
4.970000	29.161882
4.980000	29.162911
4.990000	29.163939
5.000000	29.164963
5.010000	29.165986
5.020000	29.167007
5.030000	29.168025
5.040000	29.169042
5.050000	29.170056
5.060000	29.171068
5.070000	29.172078
5.080000	29.173086
5.090000	29.174092
5.100000	29.175096
5.110000	29.176097
5.120000	29.177097
5.130000	29.178094
5.140000	29.179090
5.150000	29.180083
5.160000	29.181075
5.170000	29.182064
5.180000	29.183052
5.190000	29.184037
5.200000	29.185021
5.210000	29.186002
5.220000	29.186982
5.230000	29.187959
5.240000	29.188935
5.250000	29.189908
5.260000	29.190880
5.270000	29.191850
5.280000	29.192817
5.290000	29.193783
5.300000	29.194747
5.310000	29.195709
5.320000	29.196669
5.330000	29.197627
5.340000	29.198584
5.350000	29.199538
5.360000	29.200491
5.370000	29.201441
5.380000	29.202390
5.390000	29.203337
5.400000	29.204282
5.410000	29.205226
5.420000	29.206167
5.430000	29.207107
5.440000	29.208044
5.450000	29.208980
5.460000	29.209915
5.470000	29.210847
5.480000	29.211778
5.490000	29.212707
5.500000	29.213634
5.510000	29.214559
5.520000	29.215482
5.530000	29.216404
5.540000	29.217324
5.550000	29.218242
5.560000	29.219159
5.570000	29.220074
5.580000	29.220987
5.590000	29.221898
5.600000	29.222808
5.610000	29.223716
5.620000	29.224622
5.630000	29.225526
5.640000	29.226429
5.650000	29.227330
5.660000	29.228230
5.670000	29.229128
5.680000	29.230024
5.690000	29.230918
5.700000	29.231811
5.710000	29.232702
5.720000	29.233592
5.730000	29.234480
5.740000	29.235366
5.750000	29.236251
5.760000	29.237134
5.770000	29.238015
5.780000	29.238895
5.790000	29.239773
5.800000	29.240650
5.810000	29.241525
5.820000	29.242399
5.830000	29.243271
5.840000	29.244141
5.850000	29.245010
5.860000	29.245877
5.870000	29.246743
5.880000	29.247607
5.890000	29.248469
5.900000	29.249330
5.910000	29.250190
5.920000	29.251048
5.930000	29.251904
5.940000	29.252759
5.950000	29.253612
5.960000	29.254464
5.970000	29.255315
5.980000	29.256164
5.990000	29.257011
6.000000	29.257857
6.010000	29.258702
6.020000	29.259544
6.030000	29.260386
6.040000	29.261226
6.050000	29.262065
6.060000	29.262902
6.070000	29.263737
6.080000	29.264572
6.090000	29.265404
6.100000	29.266236
6.110000	29.267066
6.120000	29.267894
6.130000	29.268721
6.140000	29.269547
6.150000	29.270371
6.160000	29.271194
6.170000	29.272015
6.180000	29.272836
6.190000	29.273654
6.200000	29.274471
6.210000	29.275287
6.220000	29.276102
6.230000	29.276915
6.240000	29.277727
6.250000	29.278537
6.260000	29.279346
6.270000	29.280154
6.280000	29.280960
6.290000	29.281765
6.300000	29.282569
6.310000	29.283371
6.320000	29.284172
6.330000	29.284971
6.340000	29.285770
6.350000	29.286567
6.360000	29.287362
6.370000	29.288157
6.380000	29.288950
6.390000	29.289741
6.400000	29.290532
6.410000	29.291321
6.420000	29.292109
6.430000	29.292895
6.440000	29.293681
6.450000	29.294465
6.460000	29.295247
6.470000	29.296029
6.480000	29.296809
6.490000	29.297588
6.500000	29.298365
6.510000	29.299142
6.520000	29.299917
6.530000	29.300691
6.540000	29.301464
6.550000	29.302235
6.560000	29.303005
6.570000	29.303774
6.580000	29.304542
6.590000	29.305308
6.600000	29.306073
6.610000	29.306838
6.620000	29.307600
6.630000	29.308362
6.640000	29.309122
6.650000	29.309882
6.660000	29.310640
6.670000	29.311396
6.680000	29.312152
6.690000	29.312907
6.700000	29.313660
6.710000	29.314412
6.720000	29.315163
6.730000	29.315913
6.740000	29.316661
6.750000	29.317408
6.760000	29.318155
6.770000	29.318900
6.780000	29.319644
6.790000	29.320386
6.800000	29.321128
6.810000	29.321869
6.820000	29.322608
6.830000	29.323346
6.840000	29.324083
6.850000	29.324819
6.860000	29.325554
6.870000	29.326288
6.880000	29.327020
6.890000	29.327752
6.900000	29.328482
6.910000	29.329211
6.920000	29.329939
6.930000	29.330666
6.940000	29.331392
6.950000	29.332117
6.960000	29.332841
6.970000	29.333563
6.980000	29.334285
6.990000	29.335005
7.000000	29.335725
7.010000	29.336443
7.020000	29.337160
7.030000	29.337876
7.040000	29.338591
7.050000	29.339306
7.060000	29.340018
7.070000	29.340730
7.080000	29.341441
7.090000	29.342151
7.100000	29.342860
7.110000	29.343567
7.120000	29.344274
7.130000	29.344980
7.140000	29.345684
7.150000	29.346388
7.160000	29.347090
7.170000	29.347792
7.180000	29.348492
7.190000	29.349192
7.200000	29.349890
7.210000	29.350587
7.220000	29.351284
7.230000	29.351979
7.240000	29.352673
7.250000	29.353367
7.260000	29.354059
7.270000	29.354750
7.280000	29.355441
7.290000	29.356130
7.300000	29.356818
7.310000	29.357506
7.320000	29.358192
7.330000	29.358878
7.340000	29.359562
7.350000	29.360245
7.360000	29.360928
7.370000	29.361609
7.380000	29.362290
7.390000	29.362969
7.400000	29.363648
7.410000	29.364326
7.420000	29.365002
7.430000	29.365678
7.440000	29.366353
7.450000	29.367027
7.460000	29.367699
7.470000	29.368371
7.480000	29.369042
7.490000	29.369712
7.500000	29.370381
7.510000	29.371050
7.520000	29.371717
7.530000	29.372383
7.540000	29.373048
7.550000	29.373713
7.560000	29.374376
7.570000	29.375039
7.580000	29.375701
7.590000	29.376361
7.600000	29.377021
7.610000	29.377680
7.620000	29.378338
7.630000	29.378995
7.640000	29.379652
7.650000	29.380307
7.660000	29.380961
7.670000	29.381615
7.680000	29.382268
7.690000	29.382919
7.700000	29.383570
7.710000	29.384220
7.720000	29.384869
7.730000	29.385517
7.740000	29.386165
7.750000	29.386811
7.760000	29.387457
7.770000	29.388101
7.780000	29.388745
7.790000	29.389388
7.800000	29.390030
7.810000	29.390672
7.820000	29.391312
7.830000	29.391951
7.840000	29.392590
7.850000	29.393228
7.860000	29.393865
7.870000	29.394501
7.880000	29.395136
7.890000	29.395771
7.900000	29.396404
7.910000	29.397037
7.920000	29.397669
7.930000	29.398300
7.940000	29.398930
7.950000	29.399560
7.960000	29.400188
7.970000	29.400816
7.980000	29.401443
7.990000	29.402069
8.000000	29.402694
8.010000	29.403319
8.020000	29.403942
8.030000	29.404565
8.040000	29.405187
8.050000	29.405808
8.060000	29.406429
8.070000	29.407048
8.080000	29.407667
8.090000	29.408285
8.100000	29.408902
8.110000	29.409518
8.120000	29.410134
8.130000	29.410749
8.140000	29.411363
8.150000	29.411976
8.160000	29.412588
8.170000	29.413200
8.180000	29.413811
8.190000	29.414421
8.200000	29.415030
8.210000	29.415639
8.220000	29.416246
8.230000	29.416853
8.240000	29.417459
8.250000	29.418065
8.260000	29.418669
8.270000	29.419273
8.280000	29.419876
8.290000	29.420479
8.300000	29.421080
8.310000	29.421681
8.320000	29.422281
8.330000	29.422881
8.340000	29.423479
8.350000	29.424077
8.360000	29.424674
8.370000	29.425270
8.380000	29.425866
8.390000	29.426461
8.400000	29.427055
8.410000	29.427648
8.420000	29.428241
8.430000	29.428832
8.440000	29.429424
8.450000	29.430014
8.460000	29.430604
8.470000	29.431192
8.480000	29.431781
8.490000	29.432368
8.500000	29.432955
8.510000	29.433541
8.520000	29.434126
8.530000	29.434711
8.540000	29.435295
8.550000	29.435878
8.560000	29.436460
8.570000	29.437042
8.580000	29.437623
8.590000	29.438203
8.600000	29.438783
8.610000	29.439362
8.620000	29.439940
8.630000	29.440517
8.640000	29.441094
8.650000	29.441670
8.660000	29.442245
8.670000	29.442820
8.680000	29.443394
8.690000	29.443967
8.700000	29.444540
8.710000	29.445112
8.720000	29.445683
8.730000	29.446254
8.740000	29.446823
8.750000	29.447393
8.760000	29.447961
8.770000	29.448529
8.780000	29.449096
8.790000	29.449663
8.800000	29.450228
8.810000	29.450793
8.820000	29.451358
8.830000	29.451922
8.840000	29.452485
8.850000	29.453047
8.860000	29.453609
8.870000	29.454170
8.880000	29.454730
8.890000	29.455290
8.900000	29.455849
8.910000	29.456408
8.920000	29.456966
8.930000	29.457523
8.940000	29.458079
8.950000	29.458635
8.960000	29.459190
8.970000	29.459745
8.980000	29.460299
8.990000	29.460852
9.000000	29.461405
9.010000	29.461957
9.020000	29.462508
9.030000	29.463059
9.040000	29.463609
9.050000	29.464158
9.060000	29.464707
9.070000	29.465255
9.080000	29.465802
9.090000	29.466349
9.100000	29.466895
9.110000	29.467441
9.120000	29.467986
9.130000	29.468530
9.140000	29.469074
9.150000	29.469617
9.160000	29.470160
9.170000	29.470702
9.180000	29.471243
9.190000	29.471784
9.200000	29.472324
9.210000	29.472863
9.220000	29.473402
9.230000	29.473940
9.240000	29.474478
9.250000	29.475015
9.260000	29.475551
9.270000	29.476087
9.280000	29.476622
9.290000	29.477156
9.300000	29.477690
9.310000	29.478224
9.320000	29.478756
9.330000	29.479288
9.340000	29.479820
9.350000	29.480351
9.360000	29.480881
9.370000	29.481411
9.380000	29.481940
9.390000	29.482469
9.400000	29.482997
9.410000	29.483524
9.420000	29.484051
9.430000	29.484577
9.440000	29.485103
9.450000	29.485628
9.460000	29.486152
9.470000	29.486676
9.480000	29.487200
9.490000	29.487722
9.500000	29.488245
9.510000	29.488766
9.520000	29.489287
9.530000	29.489808
9.540000	29.490327
9.550000	29.490847
9.560000	29.491365
9.570000	29.491884
9.580000	29.492401
9.590000	29.492918
9.600000	29.493435
9.610000	29.493951
9.620000	29.494466
9.630000	29.494981
9.640000	29.495495
9.650000	29.496009
9.660000	29.496522
9.670000	29.497034
9.680000	29.497546
9.690000	29.498058
9.700000	29.498569
9.710000	29.499079
9.720000	29.499589
9.730000	29.500098
9.740000	29.500607
9.750000	29.501115
9.760000	29.501623
9.770000	29.502130
9.780000	29.502636
9.790000	29.503142
9.800000	29.503647
9.810000	29.504152
9.820000	29.504657
9.830000	29.505161
9.840000	29.505664
9.850000	29.506167
9.860000	29.506669
9.870000	29.507170
9.880000	29.507672
9.890000	29.508172
9.900000	29.508672
9.910000	29.509172
9.920000	29.509671
9.930000	29.510169
9.940000	29.510667
9.950000	29.511165
9.960000	29.511662
9.970000	29.512158
9.980000	29.512654
9.990000	29.513149
10.000000	29.513644
