0.000000 0.982000
0.100000 0.873000
0.200000 0.843000
0.300000 0.807000
0.400000 0.776000
0.500000 0.751000
0.600000 0.700000
0.700000 0.693000
0.800000 0.658000
0.900000 0.598000
1.000000 0.578000
1.100000 0.523000
1.200000 0.478000
1.300000 0.475000
1.400000 0.428000
1.500000 0.404000
1.600000 0.380000
1.700000 0.384000
1.800000 0.340000
1.900000 0.325000
2.000000 0.311000
2.100000 0.256000
2.200000 0.270000
2.300000 0.245000
2.400000 0.216000
2.500000 0.202000
2.600000 0.182000
2.700000 0.197000
2.800000 0.167000
2.900000 0.156000
3.000000 0.153000
3.100000 0.132000
3.200000 0.116000
3.300000 0.122000
3.400000 0.100000
3.500000 0.097000
3.600000 0.110000
3.700000 0.092000
3.800000 0.100000
3.900000 0.084000
4.000000 0.093000
4.100000 0.089000
4.200000 0.063000
4.300000 0.057000
4.400000 0.068000
4.500000 0.061000
4.600000 0.058000
4.700000 0.055000
4.800000 0.053000
4.900000 0.052000
5.000000 0.037000
5.100000 0.032000
5.200000 0.027000
5.300000 0.038000
5.400000 0.035000
5.500000 0.042000
5.600000 0.039000
5.700000 0.032000
5.800000 0.014000
5.900000 0.023000
6.000000 0.019000
6.100000 0.026000
6.200000 0.021000
6.300000 0.021000
6.400000 0.028000
6.500000 0.023000
6.600000 0.024000
6.700000 0.024000
6.800000 0.022000
6.900000 0.017000
7.000000 0.020000
7.100000 0.015000
7.200000 0.018000
7.300000 0.006000
7.400000 0.009000
7.500000 0.016000
7.600000 0.015000
7.700000 0.011000
7.800000 0.009000
7.900000 0.010000
8.000000 0.011000
8.100000 0.011000
8.200000 0.009000
8.300000 0.005000
8.400000 0.009000
8.500000 0.004000
8.600000 0.010000
8.700000 0.008000
8.800000 0.004000
8.900000 0.005000
9.000000 0.005000
9.100000 0.008000
9.200000 0.007000
9.300000 0.004000
9.400000 0.005000
9.500000 0.004000
9.600000 0.005000
9.700000 0.002000
9.800000 0.005000
9.900000 0.001000
10.000000 0.002000
