0.000000 1.000000 0.000000
0.010000 1.004535 0.000100
0.020000 1.009139 0.000398
0.030000 1.013814 0.000892
0.040000 1.018557 0.001578
0.050000 1.023371 0.002455
0.060000 1.028253 0.003519
0.070000 1.033205 0.004767
0.080000 1.038226 0.006197
0.090000 1.043316 0.007806
0.100000 1.048475 0.009592
0.110000 1.053703 0.011551
0.120000 1.058999 0.013681
0.130000 1.064363 0.015979
0.140000 1.069796 0.018443
0.150000 1.075296 0.021069
0.160000 1.080865 0.023855
0.170000 1.086501 0.026799
0.180000 1.092204 0.029897
0.190000 1.097974 0.033147
0.200000 1.103812 0.036546
0.210000 1.109715 0.040092
0.220000 1.115686 0.043782
0.230000 1.121722 0.047613
0.240000 1.127824 0.051583
0.250000 1.133992 0.055689
0.260000 1.140225 0.059929
0.270000 1.146523 0.064300
0.280000 1.152886 0.068800
0.290000 1.159313 0.073425
0.300000 1.165804 0.078174
0.310000 1.172360 0.083044
0.320000 1.178979 0.088033
0.330000 1.185661 0.093138
0.340000 1.192406 0.098358
0.350000 1.199213 0.103688
0.360000 1.206083 0.109128
0.370000 1.213015 0.114675
0.380000 1.220009 0.120326
0.390000 1.227064 0.126080
0.400000 1.234180 0.131934
0.410000 1.241357 0.137885
0.420000 1.248594 0.143933
0.430000 1.255891 0.150074
0.440000 1.263248 0.156307
0.450000 1.270664 0.162629
0.460000 1.278140 0.169038
0.470000 1.285674 0.175533
0.480000 1.293266 0.182111
0.490000 1.300917 0.188770
0.500000 1.308625 0.195509
0.510000 1.316391 0.202325
0.520000 1.324214 0.209216
0.530000 1.332094 0.216182
0.540000 1.340030 0.223219
0.550000 1.348022 0.230326
0.560000 1.356070 0.237501
0.570000 1.364173 0.244743
0.580000 1.372331 0.252050
0.590000 1.380545 0.259420
0.600000 1.388812 0.266851
0.610000 1.397134 0.274342
0.620000 1.405510 0.281891
0.630000 1.413939 0.289497
0.640000 1.422422 0.297157
0.650000 1.430957 0.304871
0.660000 1.439545 0.312637
0.670000 1.448185 0.320454
0.680000 1.456877 0.328320
0.690000 1.465620 0.336233
0.700000 1.474415 0.344192
0.710000 1.483261 0.352196
0.720000 1.492158 0.360244
0.730000 1.501105 0.368333
0.740000 1.510102 0.376464
0.750000 1.519149 0.384634
0.760000 1.528245 0.392842
0.770000 1.537391 0.401088
0.780000 1.546585 0.409369
0.790000 1.555828 0.417684
0.800000 1.565120 0.426034
0.810000 1.574459 0.434415
0.820000 1.583847 0.442828
0.830000 1.593282 0.451271
0.840000 1.602764 0.459743
0.850000 1.612293 0.468243
0.860000 1.621868 0.476769
0.870000 1.631490 0.485322
0.880000 1.641159 0.493900
0.890000 1.650873 0.502501
0.900000 1.660632 0.511126
0.910000 1.670437 0.519772
0.920000 1.680288 0.528440
0.930000 1.690183 0.537128
0.940000 1.700122 0.545835
0.950000 1.710106 0.554561
0.960000 1.720134 0.563305
0.970000 1.730206 0.572065
0.980000 1.740321 0.580841
0.990000 1.750480 0.589633
1.000000 1.760682 0.598439
1.010000 1.770926 0.607258
1.020000 1.781214 0.616091
1.030000 1.791543 0.624936
1.040000 1.801915 0.633792
1.050000 1.812329 0.642659
1.060000 1.822785 0.651536
1.070000 1.833282 0.660423
1.080000 1.843820 0.669318
1.090000 1.854400 0.678222
1.100000 1.865020 0.687133
1.110000 1.875681 0.696051
1.120000 1.886382 0.704975
1.130000 1.897124 0.713906
1.140000 1.907905 0.722841
1.150000 1.918727 0.731781
1.160000 1.929588 0.740725
1.170000 1.940488 0.749672
1.180000 1.951428 0.758623
1.190000 1.962406 0.767575
1.200000 1.973423 0.776530
1.210000 1.984479 0.785487
1.220000 1.995574 0.794444
1.230000 2.006706 0.803402
1.240000 2.017877 0.812361
1.250000 2.029085 0.821318
1.260000 2.040332 0.830275
1.270000 2.051615 0.839231
1.280000 2.062936 0.848185
1.290000 2.074294 0.857138
1.300000 2.085689 0.866088
1.310000 2.097121 0.875035
1.320000 2.108590 0.883978
1.330000 2.120095 0.892919
1.340000 2.131636 0.901855
1.350000 2.143213 0.910787
1.360000 2.154826 0.919715
1.370000 2.166475 0.928637
1.380000 2.178160 0.937555
1.390000 2.189880 0.946467
1.400000 2.201636 0.955373
1.410000 2.213426 0.964272
1.420000 2.225252 0.973166
1.430000 2.237112 0.982052
1.440000 2.249008 0.990932
1.450000 2.260937 0.999804
1.460000 2.272901 1.008669
1.470000 2.284900 1.017525
1.480000 2.296932 1.026374
1.490000 2.308999 1.035214
1.500000 2.321099 1.044046
1.510000 2.333233 1.052869
1.520000 2.345400 1.061683
1.530000 2.357601 1.070487
1.540000 2.369835 1.079282
1.550000 2.382103 1.088068
1.560000 2.394403 1.096843
1.570000 2.406736 1.105608
1.580000 2.419102 1.114364
1.590000 2.431500 1.123108
1.600000 2.443931 1.131842
1.610000 2.456395 1.140565
1.620000 2.468890 1.149277
1.630000 2.481418 1.157978
1.640000 2.493977 1.166667
1.650000 2.506569 1.175345
1.660000 2.519192 1.184012
1.670000 2.531847 1.192666
1.680000 2.544533 1.201308
1.690000 2.557251 1.209939
1.700000 2.570000 1.218557
1.710000 2.582780 1.227162
1.720000 2.595591 1.235756
1.730000 2.608433 1.244336
1.740000 2.621306 1.252904
1.750000 2.634210 1.261459
1.760000 2.647144 1.270000
1.770000 2.660109 1.278529
1.780000 2.673104 1.287045
1.790000 2.686130 1.295547
1.800000 2.699185 1.304035
1.810000 2.712271 1.312510
1.820000 2.725386 1.320972
1.830000 2.738532 1.329420
1.840000 2.751707 1.337854
1.850000 2.764912 1.346274
1.860000 2.778146 1.354680
1.870000 2.791410 1.363072
1.880000 2.804703 1.371450
1.890000 2.818026 1.379813
1.900000 2.831378 1.388162
1.910000 2.844759 1.396497
1.920000 2.858168 1.404818
1.930000 2.871607 1.413124
1.940000 2.885075 1.421415
1.950000 2.898571 1.429692
1.960000 2.912096 1.437954
1.970000 2.925649 1.446202
1.980000 2.939231 1.454434
1.990000 2.952841 1.462652
2.000000 2.966479 1.470855
2.010000 2.980146 1.479043
2.020000 2.993841 1.487216
2.030000 3.007563 1.495374
2.040000 3.021314 1.503517
2.050000 3.035093 1.511645
2.060000 3.048899 1.519758
2.070000 3.062733 1.527855
2.080000 3.076594 1.535937
2.090000 3.090484 1.544004
2.100000 3.104400 1.552056
2.110000 3.118344 1.560093
2.120000 3.132315 1.568114
2.130000 3.146314 1.576120
2.140000 3.160339 1.584110
2.150000 3.174392 1.592085
2.160000 3.188471 1.600045
2.170000 3.202578 1.607989
2.180000 3.216711 1.615918
2.190000 3.230871 1.623831
2.200000 3.245058 1.631729
2.210000 3.259271 1.639611
2.220000 3.273511 1.647478
2.230000 3.287777 1.655330
2.240000 3.302070 1.663165
2.250000 3.316389 1.670986
2.260000 3.330735 1.678790
2.270000 3.345106 1.686579
2.280000 3.359504 1.694353
2.290000 3.373927 1.702111
2.300000 3.388377 1.709854
2.310000 3.402853 1.717581
2.320000 3.417354 1.725292
2.330000 3.431882 1.732988
2.340000 3.446435 1.740668
2.350000 3.461013 1.748333
2.360000 3.475617 1.755982
2.370000 3.490247 1.763615
2.380000 3.504903 1.771234
2.390000 3.519583 1.778836
2.400000 3.534289 1.786423
2.410000 3.549020 1.793994
2.420000 3.563777 1.801550
2.430000 3.578559 1.809091
2.440000 3.593365 1.816616
2.450000 3.608197 1.824125
2.460000 3.623054 1.831619
2.470000 3.637936 1.839098
2.480000 3.652842 1.846561
2.490000 3.667774 1.854008
2.500000 3.682730 1.861441
2.510000 3.697711 1.868857
2.520000 3.712716 1.876259
2.530000 3.727746 1.883645
2.540000 3.742801 1.891016
2.550000 3.757880 1.898371
2.560000 3.772984 1.905711
2.570000 3.788111 1.913036
2.580000 3.803264 1.920345
2.590000 3.818440 1.927639
2.600000 3.833641 1.934918
2.610000 3.848865 1.942182
2.620000 3.864114 1.949430
2.630000 3.879387 1.956664
2.640000 3.894684 1.963882
2.650000 3.910005 1.971085
2.660000 3.925350 1.978273
2.670000 3.940718 1.985445
2.680000 3.956110 1.992603
2.690000 3.971526 1.999746
2.700000 3.986966 2.006873
2.710000 4.002430 2.013986
2.720000 4.017917 2.021084
2.730000 4.033427 2.028166
2.740000 4.048961 2.035234
2.750000 4.064519 2.042287
2.760000 4.080100 2.049325
2.770000 4.095704 2.056349
2.780000 4.111331 2.063357
2.790000 4.126982 2.070351
2.800000 4.142656 2.077329
2.810000 4.158353 2.084294
2.820000 4.174074 2.091243
2.830000 4.189817 2.098178
2.840000 4.205583 2.105098
2.850000 4.221373 2.112003
2.860000 4.237185 2.118894
2.870000 4.253020 2.125771
2.880000 4.268878 2.132633
2.890000 4.284759 2.139480
2.900000 4.300663 2.146313
2.910000 4.316589 2.153131
2.920000 4.332538 2.159935
2.930000 4.348510 2.166725
2.940000 4.364504 2.173500
2.950000 4.380521 2.180261
2.960000 4.396560 2.187008
2.970000 4.412622 2.193741
2.980000 4.428706 2.200459
2.990000 4.444813 2.207163
3.000000 4.460942 2.213853
3.010000 4.477093 2.220529
3.020000 4.493266 2.227190
3.030000 4.509462 2.233838
3.040000 4.525680 2.240472
3.050000 4.541920 2.247091
3.060000 4.558182 2.253697
3.070000 4.574466 2.260289
3.080000 4.590773 2.266867
3.090000 4.607101 2.273431
3.100000 4.623451 2.279981
3.110000 4.639823 2.286517
3.120000 4.656217 2.293040
3.130000 4.672633 2.299549
3.140000 4.689071 2.306044
3.150000 4.705530 2.312526
3.160000 4.722011 2.318994
3.170000 4.738514 2.325448
3.180000 4.755038 2.331889
3.190000 4.771584 2.338316
3.200000 4.788152 2.344730
3.210000 4.804741 2.351131
3.220000 4.821352 2.357518
3.230000 4.837984 2.363891
3.240000 4.854638 2.370251
3.250000 4.871313 2.376598
3.260000 4.888009 2.382932
3.270000 4.904727 2.389252
3.280000 4.921466 2.395559
3.290000 4.938226 2.401853
3.300000 4.955008 2.408134
3.310000 4.971810 2.414402
3.320000 4.988634 2.420656
3.330000 5.005479 2.426898
3.340000 5.022345 2.433127
3.350000 5.039232 2.439342
3.360000 5.056141 2.445545
3.370000 5.073070 2.451735
3.380000 5.090020 2.457911
3.390000 5.106991 2.464075
3.400000 5.123983 2.470227
3.410000 5.140996 2.476365
3.420000 5.158029 2.482491
3.430000 5.175084 2.488604
3.440000 5.192159 2.494704
3.450000 5.209255 2.500792
3.460000 5.226372 2.506867
3.470000 5.243509 2.512930
3.480000 5.260667 2.518980
3.490000 5.277846 2.525017
3.500000 5.295045 2.531043
3.510000 5.312265 2.537055
3.520000 5.329505 2.543055
3.530000 5.346766 2.549043
3.540000 5.364047 2.555019
3.550000 5.381349 2.560982
3.560000 5.398671 2.566933
3.570000 5.416013 2.572872
3.580000 5.433376 2.578799
3.590000 5.450759 2.584713
3.600000 5.468162 2.590616
3.610000 5.485586 2.596506
3.620000 5.503030 2.602384
3.630000 5.520494 2.608251
3.640000 5.537978 2.614105
3.650000 5.555483 2.619947
3.660000 5.573007 2.625777
3.670000 5.590552 2.631596
3.680000 5.608116 2.637403
3.690000 5.625701 2.643197
3.700000 5.643306 2.648980
3.710000 5.660930 2.654752
3.720000 5.678575 2.660511
3.730000 5.696240 2.666259
3.740000 5.713924 2.671995
3.750000 5.731628 2.677720
3.760000 5.749352 2.683433
3.770000 5.767096 2.689134
3.780000 5.784860 2.694824
3.790000 5.802644 2.700503
3.800000 5.820447 2.706170
3.810000 5.838270 2.711825
3.820000 5.856112 2.717470
3.830000 5.873974 2.723102
3.840000 5.891856 2.728724
3.850000 5.909758 2.734334
3.860000 5.927679 2.739933
3.870000 5.945619 2.745521
3.880000 5.963580 2.751097
3.890000 5.981559 2.756663
3.900000 5.999558 2.762217
3.910000 6.017577 2.767760
3.920000 6.035615 2.773292
3.930000 6.053672 2.778813
3.940000 6.071749 2.784323
3.950000 6.089845 2.789823
3.960000 6.107960 2.795311
3.970000 6.126095 2.800788
3.980000 6.144249 2.806254
3.990000 6.162422 2.811710
4.000000 6.180615 2.817155
4.010000 6.198827 2.822588
4.020000 6.217057 2.828012
4.030000 6.235307 2.833424
4.040000 6.253577 2.838826
4.050000 6.271865 2.844217
4.060000 6.290172 2.849597
4.070000 6.308498 2.854967
4.080000 6.326844 2.860327
4.090000 6.345208 2.865675
4.100000 6.363592 2.871014
4.110000 6.381994 2.876341
4.120000 6.400415 2.881659
4.130000 6.418856 2.886966
4.140000 6.437315 2.892262
4.150000 6.455793 2.897548
4.160000 6.474290 2.902824
4.170000 6.492806 2.908090
4.180000 6.511340 2.913345
4.190000 6.529893 2.918590
4.200000 6.548465 2.923825
4.210000 6.567056 2.929050
4.220000 6.585666 2.934264
4.230000 6.604294 2.939469
4.240000 6.622941 2.944663
4.250000 6.641607 2.949847
4.260000 6.660291 2.955021
4.270000 6.678994 2.960186
4.280000 6.697715 2.965340
4.290000 6.716455 2.970484
4.300000 6.735213 2.975619
4.310000 6.753990 2.980743
4.320000 6.772786 2.985858
4.330000 6.791600 2.990963
4.340000 6.810433 2.996058
4.350000 6.829283 3.001143
4.360000 6.848153 3.006219
4.370000 6.867041 3.011284
4.380000 6.885947 3.016341
4.390000 6.904871 3.021387
4.400000 6.923814 3.026424
4.410000 6.942775 3.031451
4.420000 6.961755 3.036469
4.430000 6.980752 3.041477
4.440000 6.999768 3.046476
4.450000 7.018802 3.051465
4.460000 7.037855 3.056444
4.470000 7.056925 3.061415
4.480000 7.076014 3.066375
4.490000 7.095121 3.071327
4.500000 7.114246 3.076269
4.510000 7.133389 3.081202
4.520000 7.152551 3.086125
4.530000 7.171730 3.091039
4.540000 7.190928 3.095944
4.550000 7.210143 3.100840
4.560000 7.229377 3.105726
4.570000 7.248628 3.110603
4.580000 7.267897 3.115472
4.590000 7.287185 3.120331
4.600000 7.306490 3.125181
4.610000 7.325814 3.130022
4.620000 7.345155 3.134853
4.630000 7.364514 3.139676
4.640000 7.383891 3.144490
4.650000 7.403286 3.149295
4.660000 7.422698 3.154091
4.670000 7.442129 3.158878
4.680000 7.461577 3.163656
4.690000 7.481043 3.168426
4.700000 7.500527 3.173186
4.710000 7.520028 3.177938
4.720000 7.539547 3.182681
4.730000 7.559084 3.187415
4.740000 7.578639 3.192140
4.750000 7.598211 3.196857
4.760000 7.617801 3.201565
4.770000 7.637409 3.206265
4.780000 7.657034 3.210955
4.790000 7.676676 3.215637
4.800000 7.696337 3.220311
4.810000 7.716015 3.224976
4.820000 7.735710 3.229632
4.830000 7.755423 3.234280
4.840000 7.775153 3.238920
4.850000 7.794901 3.243551
4.860000 7.814667 3.248173
4.870000 7.834450 3.252788
4.880000 7.854250 3.257393
4.890000 7.874068 3.261991
4.900000 7.893903 3.266580
4.910000 7.913755 3.271161
4.920000 7.933625 3.275733
4.930000 7.953512 3.280297
4.940000 7.973417 3.284853
4.950000 7.993339 3.289401
4.960000 8.013278 3.293941
4.970000 8.033234 3.298472
4.980000 8.053208 3.302995
4.990000 8.073199 3.307510
5.000000 8.093207 3.312017
5.010000 8.113232 3.316516
5.020000 8.133275 3.321007
5.030000 8.153335 3.325489
5.040000 8.173412 3.329964
5.050000 8.193506 3.334431
5.060000 8.213617 3.338890
5.070000 8.233745 3.343341
5.080000 8.253891 3.347784
5.090000 8.274053 3.352219
5.100000 8.294233 3.356646
5.110000 8.314430 3.361065
5.120000 8.334643 3.365476
5.130000 8.354874 3.369880
5.140000 8.375122 3.374276
5.150000 8.395386 3.378664
5.160000 8.415668 3.383044
5.170000 8.435967 3.387417
5.180000 8.456282 3.391781
5.190000 8.476615 3.396139
5.200000 8.496964 3.400488
5.210000 8.517330 3.404830
5.220000 8.537714 3.409164
5.230000 8.558114 3.413491
5.240000 8.578531 3.417810
5.250000 8.598964 3.422121
5.260000 8.619415 3.426425
5.270000 8.639882 3.430722
5.280000 8.660366 3.435011
5.290000 8.680867 3.439292
5.300000 8.701385 3.443566
5.310000 8.721919 3.447833
5.320000 8.742470 3.452092
5.330000 8.763038 3.456344
5.340000 8.783623 3.460588
5.350000 8.804224 3.464825
5.360000 8.824842 3.469055
5.370000 8.845477 3.473277
5.380000 8.866128 3.477492
5.390000 8.886796 3.481700
5.400000 8.907480 3.485901
5.410000 8.928181 3.490094
5.420000 8.948899 3.494280
5.430000 8.969633 3.498459
5.440000 8.990383 3.502631
5.450000 9.011151 3.506796
5.460000 9.031934 3.510953
5.470000 9.052735 3.515104
5.480000 9.073552 3.519247
5.490000 9.094385 3.523383
5.500000 9.115235 3.527512
5.510000 9.136101 3.531635
5.520000 9.156983 3.535750
5.530000 9.177882 3.539858
5.540000 9.198798 3.543959
5.550000 9.219730 3.548053
5.560000 9.240678 3.552141
5.570000 9.261642 3.556221
5.580000 9.282623 3.560294
5.590000 9.303620 3.564361
5.600000 9.324634 3.568421
5.610000 9.345664 3.572473
5.620000 9.366710 3.576519
5.630000 9.387773 3.580559
5.640000 9.408851 3.584591
5.650000 9.429946 3.588617
5.660000 9.451058 3.592636
5.670000 9.472185 3.596648
5.680000 9.493329 3.600653
5.690000 9.514489 3.604652
5.700000 9.535665 3.608644
5.710000 9.556857 3.612629
5.720000 9.578065 3.616608
5.730000 9.599290 3.620580
5.740000 9.620531 3.624546
5.750000 9.641787 3.628505
5.760000 9.663060 3.632457
5.770000 9.684349 3.636403
5.780000 9.705654 3.640342
5.790000 9.726975 3.644275
5.800000 9.748313 3.648201
5.810000 9.769666 3.652121
5.820000 9.791035 3.656034
5.830000 9.812421 3.659941
5.840000 9.833822 3.663841
5.850000 9.855239 3.667735
5.860000 9.876672 3.671623
5.870000 9.898122 3.675504
5.880000 9.919587 3.679379
5.890000 9.941068 3.683247
5.900000 9.962565 3.687109
5.910000 9.984078 3.690965
5.920000 10.005607 3.694814
5.930000 10.027151 3.698658
5.940000 10.048712 3.702495
5.950000 10.070289 3.706325
5.960000 10.091881 3.710150
5.970000 10.113489 3.713968
5.980000 10.135113 3.717780
5.990000 10.156753 3.721586
6.000000 10.178409 3.725386
6.010000 10.200080 3.729179
6.020000 10.221767 3.732967
6.030000 10.243470 3.736748
6.040000 10.265189 3.740523
6.050000 10.286923 3.744292
6.060000 10.308673 3.748055
6.070000 10.330439 3.751812
6.080000 10.352221 3.755563
6.090000 10.374018 3.759308
6.100000 10.395831 3.763047
6.110000 10.417659 3.766780
6.120000 10.439504 3.770507
6.130000 10.461364 3.774228
6.140000 10.483239 3.777943
6.150000 10.505130 3.781652
6.160000 10.527037 3.785355
6.170000 10.548959 3.789053
6.180000 10.570897 3.792744
6.190000 10.592851 3.796429
6.200000 10.614820 3.800109
6.210000 10.636804 3.803783
6.220000 10.658805 3.807451
6.230000 10.680820 3.811113
6.240000 10.702851 3.814770
6.250000 10.724898 3.818420
6.260000 10.746960 3.822065
6.270000 10.769038 3.825704
6.280000 10.791131 3.829338
6.290000 10.813239 3.832965
6.300000 10.835363 3.836587
6.310000 10.857503 3.840204
6.320000 10.879658 3.843814
6.330000 10.901828 3.847419
6.340000 10.924014 3.851018
6.350000 10.946215 3.854612
6.360000 10.968431 3.858200
6.370000 10.990663 3.861783
6.380000 11.012910 3.865359
6.390000 11.035172 3.868931
6.400000 11.057450 3.872496
6.410000 11.079743 3.876057
6.420000 11.102051 3.879611
6.430000 11.124375 3.883160
6.440000 11.146714 3.886704
6.450000 11.169068 3.890242
6.460000 11.191438 3.893775
6.470000 11.213823 3.897302
6.480000 11.236223 3.900824
6.490000 11.258638 3.904340
6.500000 11.281068 3.907851
6.510000 11.303514 3.911356
6.520000 11.325975 3.914856
6.530000 11.348451 3.918351
6.540000 11.370942 3.921840
6.550000 11.393448 3.925324
6.560000 11.415970 3.928803
6.570000 11.438506 3.932276
6.580000 11.461058 3.935744
6.590000 11.483625 3.939207
6.600000 11.506207 3.942664
6.610000 11.528804 3.946116
6.620000 11.551416 3.949563
6.630000 11.574044 3.953005
6.640000 11.596686 3.956441
6.650000 11.619343 3.959873
6.660000 11.642016 3.963298
6.670000 11.664703 3.966719
6.680000 11.687406 3.970135
6.690000 11.710123 3.973545
6.700000 11.732856 3.976951
6.710000 11.755603 3.980351
6.720000 11.778366 3.983746
6.730000 11.801143 3.987136
6.740000 11.823935 3.990520
6.750000 11.846743 3.993900
6.760000 11.869565 3.997275
6.770000 11.892402 4.000644
6.780000 11.915254 4.004009
6.790000 11.938121 4.007368
6.800000 11.961003 4.010722
6.810000 11.983900 4.014072
6.820000 12.006812 4.017416
6.830000 12.029738 4.020755
6.840000 12.052680 4.024090
6.850000 12.075636 4.027419
6.860000 12.098607 4.030744
6.870000 12.121593 4.034063
6.880000 12.144594 4.037378
6.890000 12.167609 4.040688
6.900000 12.190640 4.043992
6.910000 12.213685 4.047292
6.920000 12.236745 4.050587
6.930000 12.259820 4.053877
6.940000 12.282909 4.057163
6.950000 12.306013 4.060443
6.960000 12.329132 4.063719
6.970000 12.352266 4.066989
6.980000 12.375414 4.070255
6.990000 12.398577 4.073516
7.000000 12.421755 4.076773
7.010000 12.444948 4.080024
7.020000 12.468155 4.083271
7.030000 12.491377 4.086513
7.040000 12.514613 4.089750
7.050000 12.537864 4.092983
7.060000 12.561130 4.096211
7.070000 12.584410 4.099434
7.080000 12.607705 4.102652
7.090000 12.631015 4.105866
7.100000 12.654339 4.109075
7.110000 12.677678 4.112280
7.120000 12.701031 4.115479
7.130000 12.724399 4.118674
7.140000 12.747782 4.121865
7.150000 12.771179 4.125051
7.160000 12.794591 4.128232
7.170000 12.818017 4.131409
7.180000 12.841457 4.134581
7.190000 12.864913 4.137748
7.200000 12.888382 4.140911
7.210000 12.911867 4.144070
7.220000 12.935365 4.147223
7.230000 12.958878 4.150373
7.240000 12.982406 4.153517
7.250000 13.005948 4.156658
7.260000 13.029505 4.159793
7.270000 13.053076 4.162925
7.280000 13.076661 4.166051
7.290000 13.100261 4.169174
7.300000 13.123875 4.172292
7.310000 13.147504 4.175405
7.320000 13.171147 4.178514
7.330000 13.194804 4.181619
7.340000 13.218476 4.184719
7.350000 13.242162 4.187814
7.360000 13.265863 4.190906
7.370000 13.289578 4.193993
7.380000 13.313307 4.197075
7.390000 13.337050 4.200153
7.400000 13.360808 4.203227
7.410000 13.384581 4.206297
7.420000 13.408367 4.209362
7.430000 13.432168 4.212423
7.440000 13.455983 4.215479
7.450000 13.479812 4.218532
7.460000 13.503656 4.221579
7.470000 13.527514 4.224623
7.480000 13.551386 4.227662
7.490000 13.575272 4.230698
7.500000 13.599173 4.233728
7.510000 13.623088 4.236755
7.520000 13.647017 4.239777
7.530000 13.670960 4.242796
7.540000 13.694917 4.245810
7.550000 13.718889 4.248819
7.560000 13.742875 4.251825
7.570000 13.766875 4.254826
7.580000 13.790889 4.257823
7.590000 13.814917 4.260816
7.600000 13.838959 4.263805
7.610000 13.863016 4.266790
7.620000 13.887087 4.269770
7.630000 13.911172 4.272747
7.640000 13.935270 4.275719
7.650000 13.959383 4.278687
7.660000 13.983511 4.281652
7.670000 14.007652 4.284612
7.680000 14.031807 4.287567
7.690000 14.055976 4.290519
7.700000 14.080160 4.293467
7.710000 14.104357 4.296411
7.720000 14.128569 4.299351
7.730000 14.152794 4.302286
7.740000 14.177034 4.305218
7.750000 14.201287 4.308146
7.760000 14.225555 4.311069
7.770000 14.249836 4.313989
7.780000 14.274132 4.316904
7.790000 14.298442 4.319816
7.800000 14.322765 4.322724
7.810000 14.347103 4.325627
7.820000 14.371454 4.328527
7.830000 14.395819 4.331423
7.840000 14.420199 4.334315
7.850000 14.444592 4.337203
7.860000 14.468999 4.340087
7.870000 14.493420 4.342967
7.880000 14.517855 4.345843
7.890000 14.542304 4.348716
7.900000 14.566767 4.351584
7.910000 14.591244 4.354449
7.920000 14.615734 4.357309
7.930000 14.640239 4.360166
7.940000 14.664757 4.363019
7.950000 14.689289 4.365869
7.960000 14.713835 4.368714
7.970000 14.738395 4.371555
7.980000 14.762968 4.374393
7.990000 14.787556 4.377227
8.000000 14.812157 4.380057
8.010000 14.836772 4.382883
8.020000 14.861401 4.385706
8.030000 14.886044 4.388525
8.040000 14.910700 4.391340
8.050000 14.935370 4.394151
8.060000 14.960054 4.396959
8.070000 14.984752 4.399762
8.080000 15.009463 4.402562
8.090000 15.034189 4.405359
8.100000 15.058928 4.408151
8.110000 15.083680 4.410940
8.120000 15.108447 4.413725
8.130000 15.133227 4.416507
8.140000 15.158020 4.419285
8.150000 15.182828 4.422059
8.160000 15.207649 4.424829
8.170000 15.232484 4.427596
8.180000 15.257332 4.430359
8.190000 15.282194 4.433119
8.200000 15.307070 4.435875
8.210000 15.331960 4.438627
8.220000 15.356863 4.441376
8.230000 15.381779 4.444121
8.240000 15.406710 4.446862
8.250000 15.431654 4.449600
8.260000 15.456611 4.452335
8.270000 15.481582 4.455065
8.280000 15.506567 4.457792
8.290000 15.531565 4.460516
8.300000 15.556577 4.463236
8.310000 15.581603 4.465952
8.320000 15.606642 4.468665
8.330000 15.631694 4.471375
8.340000 15.656761 4.474081
8.350000 15.681840 4.476783
8.360000 15.706933 4.479482
8.370000 15.732040 4.482177
8.380000 15.757160 4.484869
8.390000 15.782294 4.487558
8.400000 15.807441 4.490243
8.410000 15.832602 4.492924
8.420000 15.857776 4.495602
8.430000 15.882964 4.498276
8.440000 15.908165 4.500948
8.450000 15.933380 4.503615
8.460000 15.958608 4.506279
8.470000 15.983849 4.508940
8.480000 16.009104 4.511597
8.490000 16.034373 4.514251
8.500000 16.059654 4.516902
8.510000 16.084950 4.519549
8.520000 16.110258 4.522193
8.530000 16.135580 4.524833
8.540000 16.160916 4.527470
8.550000 16.186265 4.530104
8.560000 16.211627 4.532734
8.570000 16.237002 4.535361
8.580000 16.262391 4.537985
8.590000 16.287794 4.540605
8.600000 16.313209 4.543222
8.610000 16.338638 4.545835
8.620000 16.364081 4.548446
8.630000 16.389536 4.551053
8.640000 16.415005 4.553656
8.650000 16.440488 4.556257
8.660000 16.465983 4.558854
8.670000 16.491492 4.561447
8.680000 16.517015 4.564038
8.690000 16.542550 4.566625
8.700000 16.568099 4.569209
8.710000 16.593661 4.571790
8.720000 16.619236 4.574367
8.730000 16.644825 4.576941
8.740000 16.670427 4.579512
8.750000 16.696042 4.582080
8.760000 16.721670 4.584645
8.770000 16.747312 4.587206
8.780000 16.772967 4.589764
8.790000 16.798635 4.592319
8.800000 16.824316 4.594871
8.810000 16.850010 4.597419
8.820000 16.875718 4.599965
8.830000 16.901439 4.602507
8.840000 16.927173 4.605046
8.850000 16.952920 4.607582
8.860000 16.978680 4.610114
8.870000 17.004454 4.612644
8.880000 17.030240 4.615170
8.890000 17.056040 4.617694
8.900000 17.081853 4.620214
8.910000 17.107679 4.622731
8.920000 17.133518 4.625245
8.930000 17.159371 4.627755
8.940000 17.185236 4.630263
8.950000 17.211115 4.632768
8.960000 17.237006 4.635269
8.970000 17.262911 4.637768
8.980000 17.288829 4.640263
8.990000 17.314760 4.642755
9.000000 17.340704 4.645244
9.010000 17.366661 4.647731
9.020000 17.392631 4.650214
9.030000 17.418614 4.652694
9.040000 17.444610 4.655171
9.050000 17.470619 4.657645
9.060000 17.496642 4.660116
9.070000 17.522677 4.662583
9.080000 17.548725 4.665048
9.090000 17.574786 4.667510
9.100000 17.600861 4.669969
9.110000 17.626948 4.672425
9.120000 17.653048 4.674878
9.130000 17.679162 4.677328
9.140000 17.705288 4.679775
9.150000 17.731427 4.682219
9.160000 17.757579 4.684660
9.170000 17.783745 4.687098
9.180000 17.809923 4.689533
9.190000 17.836114 4.691965
9.200000 17.862318 4.694394
9.210000 17.888535 4.696821
9.220000 17.914765 4.699244
9.230000 17.941007 4.701664
9.240000 17.967263 4.704082
9.250000 17.993532 4.706496
9.260000 18.019813 4.708908
9.270000 18.046108 4.711317
9.280000 18.072415 4.713723
9.290000 18.098735 4.716126
9.300000 18.125068 4.718526
9.310000 18.151414 4.720923
9.320000 18.177773 4.723317
9.330000 18.204145 4.725709
9.340000 18.230529 4.728097
9.350000 18.256926 4.730483
9.360000 18.283337 4.732866
9.370000 18.309760 4.735246
9.380000 18.336195 4.737623
9.390000 18.362644 4.739998
9.400000 18.389105 4.742369
9.410000 18.415580 4.744738
9.420000 18.442067 4.747104
9.430000 18.468567 4.749467
9.440000 18.495079 4.751828
9.450000 18.521605 4.754185
9.460000 18.548143 4.756540
9.470000 18.574694 4.758892
9.480000 18.601257 4.761241
9.490000 18.627834 4.763587
9.500000 18.654423 4.765931
9.510000 18.681025 4.768272
9.520000 18.707640 4.770610
9.530000 18.734267 4.772945
9.540000 18.760907 4.775278
9.550000 18.787560 4.777608
9.560000 18.814226 4.779935
9.570000 18.840904 4.782259
9.580000 18.867595 4.784581
9.590000 18.894298 4.786900
9.600000 18.921015 4.789216
9.610000 18.947744 4.791530
9.620000 18.974485 4.793840
9.630000 19.001240 4.796149
9.640000 19.028007 4.798454
9.650000 19.054786 4.800757
9.660000 19.081579 4.803057
9.670000 19.108384 4.805354
9.680000 19.135201 4.807649
9.690000 19.162032 4.809941
9.700000 19.188874 4.812230
9.710000 19.215730 4.814517
9.720000 19.242598 4.816801
9.730000 19.269479 4.819082
9.740000 19.296372 4.821361
9.750000 19.323278 4.823637
9.760000 19.350196 4.825910
9.770000 19.377127 4.828181
9.780000 19.404071 4.830449
9.790000 19.431027 4.832715
9.800000 19.457996 4.834978
9.810000 19.484977 4.837238
9.820000 19.511971 4.839496
9.830000 19.538977 4.841751
9.840000 19.565996 4.844004
9.850000 19.593028 4.846254
9.860000 19.620072 4.848501
9.870000 19.647128 4.850746
9.880000 19.674197 4.852988
9.890000 19.701279 4.855228
9.900000 19.728373 4.857465
9.910000 19.755480 4.859700
9.920000 19.782599 4.861932
9.930000 19.809730 4.864161
9.940000 19.836874 4.866388
9.950000 19.864031 4.868613
9.960000 19.891200 4.870834
9.970000 19.918381 4.873054
9.980000 19.945575 4.875271
9.990000 19.972781 4.877485
10.000000 20.000000 4.879697
